public/T.asc
NCOLS 800
NROWS 320
XLLCORNER 90.0000000
YLLCORNER -11.0000000
CELLSIZE 0.0687500
NODATA_VALUE -999.0000000
[rows 24 to 47 of 320, columns 432 to 485 of 800]
300.7907104 300.7907104 300.7907104 300.7680664 300.7680664 300.7680664 300.7211304 300.7211304 300.7211304 300.7211304 300.6207886 300.6207886 300.6207886 300.5123596 300.5123596 300.5123596 300.5123596 300.4848328 300.4848328 300.4848328 300.4848328 300.4249573 300.4249573 300.4249573 300.4896851 300.4896851 300.4896851 300.4896851 300.5123596 300.5123596 300.5123596 300.5123596 300.4346619 300.4346619 300.4346619 300.4411316 300.4411316 300.4411316 300.4411316 300.2469177 300.2469177 300.2469177 300.2469177 301.1742859 301.1742859 301.1742859 302.1307678 302.1307678 302.1307678 302.1307678 302.7069397 302.7069397 302.7069397 300.9056396
300.7907104 300.7907104 300.7907104 300.7680664 300.7680664 300.7680664 300.7211304 300.7211304 300.7211304 300.7211304 300.6207886 300.6207886 300.6207886 300.5123596 300.5123596 300.5123596 300.5123596 300.4848328 300.4848328 300.4848328 300.4848328 300.4249573 300.4249573 300.4249573 300.4896851 300.4896851 300.4896851 300.4896851 300.5123596 300.5123596 300.5123596 300.5123596 300.4346619 300.4346619 300.4346619 300.4411316 300.4411316 300.4411316 300.4411316 300.2469177 300.2469177 300.2469177 300.2469177 301.1742859 301.1742859 301.1742859 302.1307678 302.1307678 302.1307678 302.1307678 302.7069397 302.7069397 302.7069397 300.9056396
300.7907104 300.7907104 300.7907104 300.7680664 300.7680664 300.7680664 300.7211304 300.7211304 300.7211304 300.7211304 300.6207886 300.6207886 300.6207886 300.5123596 300.5123596 300.5123596 300.5123596 300.4848328 300.4848328 300.4848328 300.4848328 300.4249573 300.4249573 300.4249573 300.4896851 300.4896851 300.4896851 300.4896851 300.5123596 300.5123596 300.5123596 300.5123596 300.4346619 300.4346619 300.4346619 300.4411316 300.4411316 300.4411316 300.4411316 300.2469177 300.2469177 300.2469177 300.2469177 301.1742859 301.1742859 301.1742859 302.1307678 302.1307678 302.1307678 302.1307678 302.7069397 302.7069397 302.7069397 300.9056396
300.7373047 300.7373047 300.7373047 300.7243652 300.7243652 300.7243652 300.6790466 300.6790466 300.6790466 300.6790466 300.5576477 300.5576477 300.5576477 300.4459839 300.4459839 300.4459839 300.4459839 300.4443665 300.4443665 300.4443665 300.4443665 300.4039001 300.4039001 300.4039001 300.4492188 300.4492188 300.4492188 300.4492188 300.5414734 300.5414734 300.5414734 300.5414734 300.4492188 300.4492188 300.4492188 300.4524536 300.4524536 300.4524536 300.4524536 300.2857666 300.2857666 300.2857666 300.2857666 300.2533875 300.2533875 300.2533875 301.2082825 301.2082825 301.2082825 301.2082825 302.1793213 302.1793213 302.1793213 301.0399475
300.7373047 300.7373047 300.7373047 300.7243652 300.7243652 300.7243652 300.6790466 300.6790466 300.6790466 300.6790466 300.5576477 300.5576477 300.5576477 300.4459839 300.4459839 300.4459839 300.4459839 300.4443665 300.4443665 300.4443665 300.4443665 300.4039001 300.4039001 300.4039001 300.4492188 300.4492188 300.4492188 300.4492188 300.5414734 300.5414734 300.5414734 300.5414734 300.4492188 300.4492188 300.4492188 300.4524536 300.4524536 300.4524536 300.4524536 300.2857666 300.2857666 300.2857666 300.2857666 300.2533875 300.2533875 300.2533875 301.2082825 301.2082825 301.2082825 301.2082825 302.1793213 302.1793213 302.1793213 301.0399475
300.7373047 300.7373047 300.7373047 300.7243652 300.7243652 300.7243652 300.6790466 300.6790466 300.6790466 300.6790466 300.5576477 300.5576477 300.5576477 300.4459839 300.4459839 300.4459839 300.4459839 300.4443665 300.4443665 300.4443665 300.4443665 300.4039001 300.4039001 300.4039001 300.4492188 300.4492188 300.4492188 300.4492188 300.5414734 300.5414734 300.5414734 300.5414734 300.4492188 300.4492188 300.4492188 300.4524536 300.4524536 300.4524536 300.4524536 300.2857666 300.2857666 300.2857666 300.2857666 300.2533875 300.2533875 300.2533875 301.2082825 301.2082825 301.2082825 301.2082825 302.1793213 302.1793213 302.1793213 301.0399475
300.7373047 300.7373047 300.7373047 300.7243652 300.7243652 300.7243652 300.6790466 300.6790466 300.6790466 300.6790466 300.5576477 300.5576477 300.5576477 300.4459839 300.4459839 300.4459839 300.4459839 300.4443665 300.4443665 300.4443665 300.4443665 300.4039001 300.4039001 300.4039001 300.4492188 300.4492188 300.4492188 300.4492188 300.5414734 300.5414734 300.5414734 300.5414734 300.4492188 300.4492188 300.4492188 300.4524536 300.4524536 300.4524536 300.4524536 300.2857666 300.2857666 300.2857666 300.2857666 300.2533875 300.2533875 300.2533875 301.2082825 301.2082825 301.2082825 301.2082825 302.1793213 302.1793213 302.1793213 301.0399475
300.6709595 300.6709595 300.6709595 300.6919861 300.6919861 300.6919861 300.6499023 300.6499023 300.6499023 300.6499023 300.5285339 300.5285339 300.5285339 300.4087524 300.4087524 300.4087524 300.4087524 300.4022827 300.4022827 300.4022827 300.4022827 300.4524536 300.4524536 300.4524536 300.4621887 300.4621887 300.4621887 300.4621887 300.4993896 300.4993896 300.4993896 300.4993896 300.5722351 300.5722351 300.5722351 300.4977722 300.4977722 300.4977722 300.4977722 300.5787048 300.5787048 300.5787048 300.5787048 300.5463257 300.5463257 300.5463257 300.6628723 300.6628723 300.6628723 300.6628723 301.0350952 301.0350952 301.0350952 301.8605042
300.6709595 300.6709595 300.6709595 300.6919861 300.6919861 300.6919861 300.6499023 300.6499023 300.6499023 300.6499023 300.5285339 300.5285339 300.5285339 300.4087524 300.4087524 300.4087524 300.4087524 300.4022827 300.4022827 300.4022827 300.4022827 300.4524536 300.4524536 300.4524536 300.4621887 300.4621887 300.4621887 300.4621887 300.4993896 300.4993896 300.4993896 300.4993896 300.5722351 300.5722351 300.5722351 300.4977722 300.4977722 300.4977722 300.4977722 300.5787048 300.5787048 300.5787048 300.5787048 300.5463257 300.5463257 300.5463257 300.6628723 300.6628723 300.6628723 300.6628723 301.0350952 301.0350952 301.0350952 301.8605042
300.6709595 300.6709595 300.6709595 300.6919861 300.6919861 300.6919861 300.6499023 300.6499023 300.6499023 300.6499023 300.5285339 300.5285339 300.5285339 300.4087524 300.4087524 300.4087524 300.4087524 300.4022827 300.4022827 300.4022827 300.4022827 300.4524536 300.4524536 300.4524536 300.4621887 300.4621887 300.4621887 300.4621887 300.4993896 300.4993896 300.4993896 300.4993896 300.5722351 300.5722351 300.5722351 300.4977722 300.4977722 300.4977722 300.4977722 300.5787048 300.5787048 300.5787048 300.5787048 300.5463257 300.5463257 300.5463257 300.6628723 300.6628723 300.6628723 300.6628723 301.0350952 301.0350952 301.0350952 301.8605042
300.6709595 300.6709595 300.6709595 300.6919861 300.6919861 300.6919861 300.6499023 300.6499023 300.6499023 300.6499023 300.5285339 300.5285339 300.5285339 300.4087524 300.4087524 300.4087524 300.4087524 300.4022827 300.4022827 300.4022827 300.4022827 300.4524536 300.4524536 300.4524536 300.4621887 300.4621887 300.4621887 300.4621887 300.4993896 300.4993896 300.4993896 300.4993896 300.5722351 300.5722351 300.5722351 300.4977722 300.4977722 300.4977722 300.4977722 300.5787048 300.5787048 300.5787048 300.5787048 300.5463257 300.5463257 300.5463257 300.6628723 300.6628723 300.6628723 300.6628723 301.0350952 301.0350952 301.0350952 301.8605042
300.6887512 300.6887512 300.6887512 300.6580200 300.6580200 300.6580200 300.5964966 300.5964966 300.5964966 300.5964966 300.5738525 300.5738525 300.5738525 300.5026245 300.5026245 300.5026245 300.5026245 300.3941956 300.3941956 300.3941956 300.3941956 300.4540710 300.4540710 300.4540710 300.5511780 300.5511780 300.5511780 300.5511780 300.4265747 300.4265747 300.4265747 300.4265747 300.6321106 300.6321106 300.6321106 300.7081909 300.7081909 300.7081909 300.7081909 300.7874756 300.7874756 300.7874756 300.7874756 300.7810059 300.7810059 300.7810059 301.0173035 301.0173035 301.0173035 301.0173035 301.6403809 301.6403809 301.6403809 303.1196289
300.6887512 300.6887512 300.6887512 300.6580200 300.6580200 300.6580200 300.5964966 300.5964966 300.5964966 300.5964966 300.5738525 300.5738525 300.5738525 300.5026245 300.5026245 300.5026245 300.5026245 300.3941956 300.3941956 300.3941956 300.3941956 300.4540710 300.4540710 300.4540710 300.5511780 300.5511780 300.5511780 300.5511780 300.4265747 300.4265747 300.4265747 300.4265747 300.6321106 300.6321106 300.6321106 300.7081909 300.7081909 300.7081909 300.7081909 300.7874756 300.7874756 300.7874756 300.7874756 300.7810059 300.7810059 300.7810059 301.0173035 301.0173035 301.0173035 301.0173035 301.6403809 301.6403809 301.6403809 303.1196289
300.6887512 300.6887512 300.6887512 300.6580200 300.6580200 300.6580200 300.5964966 300.5964966 300.5964966 300.5964966 300.5738525 300.5738525 300.5738525 300.5026245 300.5026245 300.5026245 300.5026245 300.3941956 300.3941956 300.3941956 300.3941956 300.4540710 300.4540710 300.4540710 300.5511780 300.5511780 300.5511780 300.5511780 300.4265747 300.4265747 300.4265747 300.4265747 300.6321106 300.6321106 300.6321106 300.7081909 300.7081909 300.7081909 300.7081909 300.7874756 300.7874756 300.7874756 300.7874756 300.7810059 300.7810059 300.7810059 301.0173035 301.0173035 301.0173035 301.0173035 301.6403809 301.6403809 301.6403809 303.1196289
300.6644897 300.6644897 300.6644897 300.6110840 300.6110840 300.6110840 300.5964966 300.5964966 300.5964966 300.5964966 300.5948792 300.5948792 300.5948792 300.5058594 300.5058594 300.5058594 300.5058594 300.3877258 300.3877258 300.3877258 300.3877258 300.4184875 300.4184875 300.4184875 300.5835571 300.5835571 300.5835571 300.5835571 300.4524536 300.4524536 300.4524536 300.4524536 300.5641479 300.5641479 300.5641479 300.9800720 300.9800720 300.9800720 300.9800720 301.5368042 301.5368042 301.5368042 301.5368042 301.3328857 301.3328857 301.3328857 301.2196045 301.2196045 301.2196045 301.2196045 302.5499573 302.5499573 302.5499573 302.7214966
300.6644897 300.6644897 300.6644897 300.6110840 300.6110840 300.6110840 300.5964966 300.5964966 300.5964966 300.5964966 300.5948792 300.5948792 300.5948792 300.5058594 300.5058594 300.5058594 300.5058594 300.3877258 300.3877258 300.3877258 300.3877258 300.4184875 300.4184875 300.4184875 300.5835571 300.5835571 300.5835571 300.5835571 300.4524536 300.4524536 300.4524536 300.4524536 300.5641479 300.5641479 300.5641479 300.9800720 300.9800720 300.9800720 300.9800720 301.5368042 301.5368042 301.5368042 301.5368042 301.3328857 301.3328857 301.3328857 301.2196045 301.2196045 301.2196045 301.2196045 302.5499573 302.5499573 302.5499573 302.7214966
300.6644897 300.6644897 300.6644897 300.6110840 300.6110840 300.6110840 300.5964966 300.5964966 300.5964966 300.5964966 300.5948792 300.5948792 300.5948792 300.5058594 300.5058594 300.5058594 300.5058594 300.3877258 300.3877258 300.3877258 300.3877258 300.4184875 300.4184875 300.4184875 300.5835571 300.5835571 300.5835571 300.5835571 300.4524536 300.4524536 300.4524536 300.4524536 300.5641479 300.5641479 300.5641479 300.9800720 300.9800720 300.9800720 300.9800720 301.5368042 301.5368042 301.5368042 301.5368042 301.3328857 301.3328857 301.3328857 301.2196045 301.2196045 301.2196045 301.2196045 302.5499573 302.5499573 302.5499573 302.7214966
300.6644897 300.6644897 300.6644897 300.6110840 300.6110840 300.6110840 300.5964966 300.5964966 300.5964966 300.5964966 300.5948792 300.5948792 300.5948792 300.5058594 300.5058594 300.5058594 300.5058594 300.3877258 300.3877258 300.3877258 300.3877258 300.4184875 300.4184875 300.4184875 300.5835571 300.5835571 300.5835571 300.5835571 300.4524536 300.4524536 300.4524536 300.4524536 300.5641479 300.5641479 300.5641479 300.9800720 300.9800720 300.9800720 300.9800720 301.5368042 301.5368042 301.5368042 301.5368042 301.3328857 301.3328857 301.3328857 301.2196045 301.2196045 301.2196045 301.2196045 302.5499573 302.5499573 302.5499573 302.7214966
300.7081909 300.7081909 300.7081909 300.6207886 300.6207886 300.6207886 300.6110840 300.6110840 300.6110840 300.6110840 300.5220642 300.5220642 300.5220642 300.3780212 300.3780212 300.3780212 300.3780212 300.4184875 300.4184875 300.4184875 300.4184875 300.4848328 300.4848328 300.4848328 300.4330444 300.4330444 300.4330444 300.4330444 300.5964966 300.5964966 300.5964966 300.5964966 300.7114258 300.7114258 300.7114258 302.7134094 302.7134094 302.7134094 302.7134094 303.5614624 303.5614624 303.5614624 303.5614624 302.9852905 302.9852905 302.9852905 302.1696167 302.1696167 302.1696167 302.1696167 301.8621216 301.8621216 301.8621216 302.5175781
300.7081909 300.7081909 300.7081909 300.6207886 300.6207886 300.6207886 300.6110840 300.6110840 300.6110840 300.6110840 300.5220642 300.5220642 300.5220642 300.3780212 300.3780212 300.3780212 300.3780212 300.4184875 300.4184875 300.4184875 300.4184875 300.4848328 300.4848328 300.4848328 300.4330444 300.4330444 300.4330444 300.4330444 300.5964966 300.5964966 300.5964966 300.5964966 300.7114258 300.7114258 300.7114258 302.7134094 302.7134094 302.7134094 302.7134094 303.5614624 303.5614624 303.5614624 303.5614624 302.9852905 302.9852905 302.9852905 302.1696167 302.1696167 302.1696167 302.1696167 301.8621216 301.8621216 301.8621216 302.5175781
300.7081909 300.7081909 300.7081909 300.6207886 300.6207886 300.6207886 300.6110840 300.6110840 300.6110840 300.6110840 300.5220642 300.5220642 300.5220642 300.3780212 300.3780212 300.3780212 300.3780212 300.4184875 300.4184875 300.4184875 300.4184875 300.4848328 300.4848328 300.4848328 300.4330444 300.4330444 300.4330444 300.4330444 300.5964966 300.5964966 300.5964966 300.5964966 300.7114258 300.7114258 300.7114258 302.7134094 302.7134094 302.7134094 302.7134094 303.5614624 303.5614624 303.5614624 303.5614624 302.9852905 302.9852905 302.9852905 302.1696167 302.1696167 302.1696167 302.1696167 301.8621216 301.8621216 301.8621216 302.5175781
300.7195129 300.7195129 300.7195129 300.6288757 300.6288757 300.6288757 300.5884094 300.5884094 300.5884094 300.5884094 300.5592957 300.5592957 300.5592957 300.4993896 300.4993896 300.4993896 300.4993896 300.4896851 300.4896851 300.4896851 300.4896851 300.4621887 300.4621887 300.4621887 300.4993896 300.4993896 300.4993896 300.4993896 300.6434326 300.6434326 300.6434326 300.6434326 300.5867920 300.5867920 300.5867920 302.1048889 302.1048889 302.1048889 302.1048889 301.7828064 301.7828064 301.7828064 301.7828064 301.7666321 301.7666321 301.7666321 302.6454468 302.6454468 302.6454468 302.6454468 301.8977356 301.8977356 301.8977356 300.4281921
300.7195129 300.7195129 300.7195129 300.6288757 300.6288757 300.6288757 300.5884094 300.5884094 300.5884094 300.5884094 300.5592957 300.5592957 300.5592957 300.4993896 300.4993896 300.4993896 300.4993896 300.4896851 300.4896851 300.4896851 300.4896851 300.4621887 300.4621887 300.4621887 300.4993896 300.4993896 300.4993896 300.4993896 300.6434326 300.6434326 300.6434326 300.6434326 300.5867920 300.5867920 300.5867920 302.1048889 302.1048889 302.1048889 302.1048889 301.7828064 301.7828064 301.7828064 301.7828064 301.7666321 301.7666321 301.7666321 302.6454468 302.6454468 302.6454468 302.6454468 301.8977356 301.8977356 301.8977356 300.4281921
300.7195129 300.7195129 300.7195129 300.6288757 300.6288757 300.6288757 300.5884094 300.5884094 300.5884094 300.5884094 300.5592957 300.5592957 300.5592957 300.4993896 300.4993896 300.4993896 300.4993896 300.4896851 300.4896851 300.4896851 300.4896851 300.4621887 300.4621887 300.4621887 300.4993896 300.4993896 300.4993896 300.4993896 300.6434326 300.6434326 300.6434326 300.6434326 300.5867920 300.5867920 300.5867920 302.1048889 302.1048889 302.1048889 302.1048889 301.7828064 301.7828064 301.7828064 301.7828064 301.7666321 301.7666321 301.7666321 302.6454468 302.6454468 302.6454468 302.6454468 301.8977356 301.8977356 301.8977356 300.4281921
