public/T.asc
NCOLS 800
NROWS 320
XLLCORNER 90.0000000
YLLCORNER -11.0000000
CELLSIZE 0.0687500
NODATA_VALUE -999.0000000
[rows 264 to 287 of 320, columns 0 to 53 of 800]
299.6853333 299.6853333 299.6723938 299.6723938 299.6723938 299.6658936 299.6658936 299.6658936 299.6658936 299.6481018 299.6481018 299.6481018 299.6481018 299.6319275 299.6319275 299.6319275 299.6108704 299.6108704 299.6108704 299.6108704 299.5752869 299.5752869 299.5752869 299.5752869 299.5461426 299.5461426 299.5461426 299.5056763 299.5056763 299.5056763 299.5056763 299.4733276 299.4733276 299.4733276 299.4733276 299.4263916 299.4263916 299.4263916 299.4020996 299.4020996 299.4020996 299.4020996 299.3859253 299.3859253 299.3859253 299.3746033 299.3746033 299.3746033 299.3746033 299.3648682 299.3648682 299.3648682 299.3648682 299.3551636
299.6853333 299.6853333 299.6723938 299.6723938 299.6723938 299.6658936 299.6658936 299.6658936 299.6658936 299.6481018 299.6481018 299.6481018 299.6481018 299.6319275 299.6319275 299.6319275 299.6108704 299.6108704 299.6108704 299.6108704 299.5752869 299.5752869 299.5752869 299.5752869 299.5461426 299.5461426 299.5461426 299.5056763 299.5056763 299.5056763 299.5056763 299.4733276 299.4733276 299.4733276 299.4733276 299.4263916 299.4263916 299.4263916 299.4020996 299.4020996 299.4020996 299.4020996 299.3859253 299.3859253 299.3859253 299.3746033 299.3746033 299.3746033 299.3746033 299.3648682 299.3648682 299.3648682 299.3648682 299.3551636
299.6853333 299.6853333 299.6723938 299.6723938 299.6723938 299.6658936 299.6658936 299.6658936 299.6658936 299.6481018 299.6481018 299.6481018 299.6481018 299.6319275 299.6319275 299.6319275 299.6108704 299.6108704 299.6108704 299.6108704 299.5752869 299.5752869 299.5752869 299.5752869 299.5461426 299.5461426 299.5461426 299.5056763 299.5056763 299.5056763 299.5056763 299.4733276 299.4733276 299.4733276 299.4733276 299.4263916 299.4263916 299.4263916 299.4020996 299.4020996 299.4020996 299.4020996 299.3859253 299.3859253 299.3859253 299.3746033 299.3746033 299.3746033 299.3746033 299.3648682 299.3648682 299.3648682 299.3648682 299.3551636
299.6157227 299.6157227 299.6206055 299.6206055 299.6206055 299.6141052 299.6141052 299.6141052 299.6141052 299.5914612 299.5914612 299.5914612 299.5914612 299.5785217 299.5785217 299.5785217 299.5574646 299.5574646 299.5574646 299.5574646 299.5283508 299.5283508 299.5283508 299.5283508 299.5008240 299.5008240 299.5008240 299.4684753 299.4684753 299.4684753 299.4684753 299.4312439 299.4312439 299.4312439 299.4312439 299.3729858 299.3729858 299.3729858 299.3697510 299.3697510 299.3697510 299.3697510 299.3503113 299.3503113 299.3503113 299.3373718 299.3373718 299.3373718 299.3373718 299.3309021 299.3309021 299.3309021 299.3309021 299.3276672
299.6157227 299.6157227 299.6206055 299.6206055 299.6206055 299.6141052 299.6141052 299.6141052 299.6141052 299.5914612 299.5914612 299.5914612 299.5914612 299.5785217 299.5785217 299.5785217 299.5574646 299.5574646 299.5574646 299.5574646 299.5283508 299.5283508 299.5283508 299.5283508 299.5008240 299.5008240 299.5008240 299.4684753 299.4684753 299.4684753 299.4684753 299.4312439 299.4312439 299.4312439 299.4312439 299.3729858 299.3729858 299.3729858 299.3697510 299.3697510 299.3697510 299.3697510 299.3503113 299.3503113 299.3503113 299.3373718 299.3373718 299.3373718 299.3373718 299.3309021 299.3309021 299.3309021 299.3309021 299.3276672
299.6157227 299.6157227 299.6206055 299.6206055 299.6206055 299.6141052 299.6141052 299.6141052 299.6141052 299.5914612 299.5914612 299.5914612 299.5914612 299.5785217 299.5785217 299.5785217 299.5574646 299.5574646 299.5574646 299.5574646 299.5283508 299.5283508 299.5283508 299.5283508 299.5008240 299.5008240 299.5008240 299.4684753 299.4684753 299.4684753 299.4684753 299.4312439 299.4312439 299.4312439 299.4312439 299.3729858 299.3729858 299.3729858 299.3697510 299.3697510 299.3697510 299.3697510 299.3503113 299.3503113 299.3503113 299.3373718 299.3373718 299.3373718 299.3373718 299.3309021 299.3309021 299.3309021 299.3309021 299.3276672
299.6157227 299.6157227 299.6206055 299.6206055 299.6206055 299.6141052 299.6141052 299.6141052 299.6141052 299.5914612 299.5914612 299.5914612 299.5914612 299.5785217 299.5785217 299.5785217 299.5574646 299.5574646 299.5574646 299.5574646 299.5283508 299.5283508 299.5283508 299.5283508 299.5008240 299.5008240 299.5008240 299.4684753 299.4684753 299.4684753 299.4684753 299.4312439 299.4312439 299.4312439 299.4312439 299.3729858 299.3729858 299.3729858 299.3697510 299.3697510 299.3697510 299.3697510 299.3503113 299.3503113 299.3503113 299.3373718 299.3373718 299.3373718 299.3373718 299.3309021 299.3309021 299.3309021 299.3309021 299.3276672
299.5332031 299.5332031 299.5299683 299.5299683 299.5299683 299.5332031 299.5332031 299.5332031 299.5332031 299.5380554 299.5380554 299.5380554 299.5380554 299.5380554 299.5380554 299.5380554 299.5153809 299.5153809 299.5153809 299.5153809 299.4797974 299.4797974 299.4797974 299.4797974 299.4538879 299.4538879 299.4538879 299.4166565 299.4166565 299.4166565 299.4166565 299.3972473 299.3972473 299.3972473 299.3972473 299.3551636 299.3551636 299.3551636 299.3406067 299.3406067 299.3406067 299.3406067 299.3163147 299.3163147 299.3163147 299.3001404 299.3001404 299.3001404 299.3001404 299.2952881 299.2952881 299.2952881 299.2952881 299.2920532
299.5332031 299.5332031 299.5299683 299.5299683 299.5299683 299.5332031 299.5332031 299.5332031 299.5332031 299.5380554 299.5380554 299.5380554 299.5380554 299.5380554 299.5380554 299.5380554 299.5153809 299.5153809 299.5153809 299.5153809 299.4797974 299.4797974 299.4797974 299.4797974 299.4538879 299.4538879 299.4538879 299.4166565 299.4166565 299.4166565 299.4166565 299.3972473 299.3972473 299.3972473 299.3972473 299.3551636 299.3551636 299.3551636 299.3406067 299.3406067 299.3406067 299.3406067 299.3163147 299.3163147 299.3163147 299.3001404 299.3001404 299.3001404 299.3001404 299.2952881 299.2952881 299.2952881 299.2952881 299.2920532
299.5332031 299.5332031 299.5299683 299.5299683 299.5299683 299.5332031 299.5332031 299.5332031 299.5332031 299.5380554 299.5380554 299.5380554 299.5380554 299.5380554 299.5380554 299.5380554 299.5153809 299.5153809 299.5153809 299.5153809 299.4797974 299.4797974 299.4797974 299.4797974 299.4538879 299.4538879 299.4538879 299.4166565 299.4166565 299.4166565 299.4166565 299.3972473 299.3972473 299.3972473 299.3972473 299.3551636 299.3551636 299.3551636 299.3406067 299.3406067 299.3406067 299.3406067 299.3163147 299.3163147 299.3163147 299.3001404 299.3001404 299.3001404 299.3001404 299.2952881 299.2952881 299.2952881 299.2952881 299.2920532
299.5332031 299.5332031 299.5299683 299.5299683 299.5299683 299.5332031 299.5332031 299.5332031 299.5332031 299.5380554 299.5380554 299.5380554 299.5380554 299.5380554 299.5380554 299.5380554 299.5153809 299.5153809 299.5153809 299.5153809 299.4797974 299.4797974 299.4797974 299.4797974 299.4538879 299.4538879 299.4538879 299.4166565 299.4166565 299.4166565 299.4166565 299.3972473 299.3972473 299.3972473 299.3972473 299.3551636 299.3551636 299.3551636 299.3406067 299.3406067 299.3406067 299.3406067 299.3163147 299.3163147 299.3163147 299.3001404 299.3001404 299.3001404 299.3001404 299.2952881 299.2952881 299.2952881 299.2952881 299.2920532
299.4603577 299.4603577 299.4684753 299.4684753 299.4684753 299.4733276 299.4733276 299.4733276 299.4733276 299.4684753 299.4684753 299.4684753 299.4684753 299.4555054 299.4555054 299.4555054 299.4458008 299.4458008 299.4458008 299.4458008 299.4409485 299.4409485 299.4409485 299.4409485 299.4296265 299.4296265 299.4296265 299.3859253 299.3859253 299.3859253 299.3859253 299.3551636 299.3551636 299.3551636 299.3551636 299.3211975 299.3211975 299.3211975 299.2904358 299.2904358 299.2904358 299.2904358 299.2661438 299.2661438 299.2661438 299.2564392 299.2564392 299.2564392 299.2564392 299.2532043 299.2532043 299.2532043 299.2532043 299.2499695
299.4603577 299.4603577 299.4684753 299.4684753 299.4684753 299.4733276 299.4733276 299.4733276 299.4733276 299.4684753 299.4684753 299.4684753 299.4684753 299.4555054 299.4555054 299.4555054 299.4458008 299.4458008 299.4458008 299.4458008 299.4409485 299.4409485 299.4409485 299.4409485 299.4296265 299.4296265 299.4296265 299.3859253 299.3859253 299.3859253 299.3859253 299.3551636 299.3551636 299.3551636 299.3551636 299.3211975 299.3211975 299.3211975 299.2904358 299.2904358 299.2904358 299.2904358 299.2661438 299.2661438 299.2661438 299.2564392 299.2564392 299.2564392 299.2564392 299.2532043 299.2532043 299.2532043 299.2532043 299.2499695
299.4603577 299.4603577 299.4684753 299.4684753 299.4684753 299.4733276 299.4733276 299.4733276 299.4733276 299.4684753 299.4684753 299.4684753 299.4684753 299.4555054 299.4555054 299.4555054 299.4458008 299.4458008 299.4458008 299.4458008 299.4409485 299.4409485 299.4409485 299.4409485 299.4296265 299.4296265 299.4296265 299.3859253 299.3859253 299.3859253 299.3859253 299.3551636 299.3551636 299.3551636 299.3551636 299.3211975 299.3211975 299.3211975 299.2904358 299.2904358 299.2904358 299.2904358 299.2661438 299.2661438 299.2661438 299.2564392 299.2564392 299.2564392 299.2564392 299.2532043 299.2532043 299.2532043 299.2532043 299.2499695
299.4247742 299.4247742 299.4118042 299.4118042 299.4118042 299.3956299 299.3956299 299.3956299 299.3956299 299.3875427 299.3875427 299.3875427 299.3875427 299.3859253 299.3859253 299.3859253 299.3843079 299.3843079 299.3843079 299.3843079 299.3729858 299.3729858 299.3729858 299.3729858 299.3503113 299.3503113 299.3503113 299.3389893 299.3389893 299.3389893 299.3389893 299.3211975 299.3211975 299.3211975 299.3211975 299.2920532 299.2920532 299.2920532 299.2710266 299.2710266 299.2710266 299.2710266 299.2532043 299.2532043 299.2532043 299.2224731 299.2224731 299.2224731 299.2224731 299.2078857 299.2078857 299.2078857 299.2078857 299.2078857
299.4247742 299.4247742 299.4118042 299.4118042 299.4118042 299.3956299 299.3956299 299.3956299 299.3956299 299.3875427 299.3875427 299.3875427 299.3875427 299.3859253 299.3859253 299.3859253 299.3843079 299.3843079 299.3843079 299.3843079 299.3729858 299.3729858 299.3729858 299.3729858 299.3503113 299.3503113 299.3503113 299.3389893 299.3389893 299.3389893 299.3389893 299.3211975 299.3211975 299.3211975 299.3211975 299.2920532 299.2920532 299.2920532 299.2710266 299.2710266 299.2710266 299.2710266 299.2532043 299.2532043 299.2532043 299.2224731 299.2224731 299.2224731 299.2224731 299.2078857 299.2078857 299.2078857 299.2078857 299.2078857
299.4247742 299.4247742 299.4118042 299.4118042 299.4118042 299.3956299 299.3956299 299.3956299 299.3956299 299.3875427 299.3875427 299.3875427 299.3875427 299.3859253 299.3859253 299.3859253 299.3843079 299.3843079 299.3843079 299.3843079 299.3729858 299.3729858 299.3729858 299.3729858 299.3503113 299.3503113 299.3503113 299.3389893 299.3389893 299.3389893 299.3389893 299.3211975 299.3211975 299.3211975 299.3211975 299.2920532 299.2920532 299.2920532 299.2710266 299.2710266 299.2710266 299.2710266 299.2532043 299.2532043 299.2532043 299.2224731 299.2224731 299.2224731 299.2224731 299.2078857 299.2078857 299.2078857 299.2078857 299.2078857
299.4247742 299.4247742 299.4118042 299.4118042 299.4118042 299.3956299 299.3956299 299.3956299 299.3956299 299.3875427 299.3875427 299.3875427 299.3875427 299.3859253 299.3859253 299.3859253 299.3843079 299.3843079 299.3843079 299.3843079 299.3729858 299.3729858 299.3729858 299.3729858 299.3503113 299.3503113 299.3503113 299.3389893 299.3389893 299.3389893 299.3389893 299.3211975 299.3211975 299.3211975 299.3211975 299.2920532 299.2920532 299.2920532 299.2710266 299.2710266 299.2710266 299.2710266 299.2532043 299.2532043 299.2532043 299.2224731 299.2224731 299.2224731 299.2224731 299.2078857 299.2078857 299.2078857 299.2078857 299.2078857
299.3843079 299.3843079 299.3519287 299.3519287 299.3519287 299.3292847 299.3292847 299.3292847 299.3292847 299.3066101 299.3066101 299.3066101 299.3066101 299.2936707 299.2936707 299.2936707 299.2823486 299.2823486 299.2823486 299.2823486 299.2758789 299.2758789 299.2758789 299.2758789 299.2839661 299.2839661 299.2839661 299.2742615 299.2742615 299.2742615 299.2742615 299.2645264 299.2645264 299.2645264 299.2645264 299.2629089 299.2629089 299.2629089 299.2418823 299.2418823 299.2418823 299.2418823 299.2240906 299.2240906 299.2240906 299.1981812 299.1981812 299.1981812 299.1981812 299.1852417 299.1852417 299.1852417 299.1852417 299.1803894
299.3843079 299.3843079 299.3519287 299.3519287 299.3519287 299.3292847 299.3292847 299.3292847 299.3292847 299.3066101 299.3066101 299.3066101 299.3066101 299.2936707 299.2936707 299.2936707 299.2823486 299.2823486 299.2823486 299.2823486 299.2758789 299.2758789 299.2758789 299.2758789 299.2839661 299.2839661 299.2839661 299.2742615 299.2742615 299.2742615 299.2742615 299.2645264 299.2645264 299.2645264 299.2645264 299.2629089 299.2629089 299.2629089 299.2418823 299.2418823 299.2418823 299.2418823 299.2240906 299.2240906 299.2240906 299.1981812 299.1981812 299.1981812 299.1981812 299.1852417 299.1852417 299.1852417 299.1852417 299.1803894
299.3843079 299.3843079 299.3519287 299.3519287 299.3519287 299.3292847 299.3292847 299.3292847 299.3292847 299.3066101 299.3066101 299.3066101 299.3066101 299.2936707 299.2936707 299.2936707 299.2823486 299.2823486 299.2823486 299.2823486 299.2758789 299.2758789 299.2758789 299.2758789 299.2839661 299.2839661 299.2839661 299.2742615 299.2742615 299.2742615 299.2742615 299.2645264 299.2645264 299.2645264 299.2645264 299.2629089 299.2629089 299.2629089 299.2418823 299.2418823 299.2418823 299.2418823 299.2240906 299.2240906 299.2240906 299.1981812 299.1981812 299.1981812 299.1981812 299.1852417 299.1852417 299.1852417 299.1852417 299.1803894
299.3211975 299.3211975 299.2936707 299.2936707 299.2936707 299.2612915 299.2612915 299.2612915 299.2612915 299.2370300 299.2370300 299.2370300 299.2370300 299.2078857 299.2078857 299.2078857 299.1949463 299.1949463 299.1949463 299.1949463 299.1933289 299.1933289 299.1933289 299.1933289 299.2030334 299.2030334 299.2030334 299.1997986 299.1997986 299.1997986 299.1997986 299.1997986 299.1997986 299.1997986 299.1997986 299.2127380 299.2127380 299.2127380 299.2127380 299.2127380 299.2127380 299.2127380 299.1933289 299.1933289 299.1933289 299.1771545 299.1771545 299.1771545 299.1771545 299.1625671 299.1625671 299.1625671 299.1625671 299.1593323
299.3211975 299.3211975 299.2936707 299.2936707 299.2936707 299.2612915 299.2612915 299.2612915 299.2612915 299.2370300 299.2370300 299.2370300 299.2370300 299.2078857 299.2078857 299.2078857 299.1949463 299.1949463 299.1949463 299.1949463 299.1933289 299.1933289 299.1933289 299.1933289 299.2030334 299.2030334 299.2030334 299.1997986 299.1997986 299.1997986 299.1997986 299.1997986 299.1997986 299.1997986 299.1997986 299.2127380 299.2127380 299.2127380 299.2127380 299.2127380 299.2127380 299.2127380 299.1933289 299.1933289 299.1933289 299.1771545 299.1771545 299.1771545 299.1771545 299.1625671 299.1625671 299.1625671 299.1625671 299.1593323
299.3211975 299.3211975 299.2936707 299.2936707 299.2936707 299.2612915 299.2612915 299.2612915 299.2612915 299.2370300 299.2370300 299.2370300 299.2370300 299.2078857 299.2078857 299.2078857 299.1949463 299.1949463 299.1949463 299.1949463 299.1933289 299.1933289 299.1933289 299.1933289 299.2030334 299.2030334 299.2030334 299.1997986 299.1997986 299.1997986 299.1997986 299.1997986 299.1997986 299.1997986 299.1997986 299.2127380 299.2127380 299.2127380 299.2127380 299.2127380 299.2127380 299.2127380 299.1933289 299.1933289 299.1933289 299.1771545 299.1771545 299.1771545 299.1771545 299.1625671 299.1625671 299.1625671 299.1625671 299.1593323
