public/T.asc
NCOLS 800
NROWS 320
XLLCORNER 90.0000000
YLLCORNER -11.0000000
CELLSIZE 0.0687500
NODATA_VALUE -999.0000000
[rows 240 to 263 of 320, columns 162 to 215 of 800]
298.7612000 298.7612000 298.7612000 298.7045593 298.7045593 298.7045593 298.7045593 298.6317444 298.6317444 298.6317444 298.6317444 298.5864258 298.5864258 298.5864258 298.4941711 298.4941711 298.4941711 298.4941711 298.4132385 298.4132385 298.4132385 298.4132385 298.3808899 298.3808899 298.3808899 298.3177490 298.3177490 298.3177490 298.3177490 298.1607666 298.1607666 298.1607666 298.1607666 298.0555725 298.0555725 298.0555725 298.0733643 298.0733643 298.0733643 298.0733643 298.7417908 298.7417908 298.7417908 299.8212891 299.8212891 299.8212891 299.8212891 299.6497192 299.6497192 299.6497192 299.6497192 299.7274170 299.7274170 299.7274170
298.7612000 298.7612000 298.7612000 298.7045593 298.7045593 298.7045593 298.7045593 298.6317444 298.6317444 298.6317444 298.6317444 298.5864258 298.5864258 298.5864258 298.4941711 298.4941711 298.4941711 298.4941711 298.4132385 298.4132385 298.4132385 298.4132385 298.3808899 298.3808899 298.3808899 298.3177490 298.3177490 298.3177490 298.3177490 298.1607666 298.1607666 298.1607666 298.1607666 298.0555725 298.0555725 298.0555725 298.0733643 298.0733643 298.0733643 298.0733643 298.7417908 298.7417908 298.7417908 299.8212891 299.8212891 299.8212891 299.8212891 299.6497192 299.6497192 299.6497192 299.6497192 299.7274170 299.7274170 299.7274170
298.7353210 298.7353210 298.7353210 298.6867676 298.6867676 298.6867676 298.6867676 298.6106873 298.6106873 298.6106873 298.6106873 298.5443420 298.5443420 298.5443420 298.4941711 298.4941711 298.4941711 298.4941711 298.4391479 298.4391479 298.4391479 298.4391479 298.3938293 298.3938293 298.3938293 298.3452759 298.3452759 298.3452759 298.3452759 298.1834412 298.1834412 298.1834412 298.1834412 298.1170654 298.1170654 298.1170654 297.8435669 297.8435669 297.8435669 297.8435669 297.8726807 297.8726807 297.8726807 298.3565979 298.3565979 298.3565979 298.3565979 299.3066101 299.3066101 299.3066101 299.3066101 299.5072937 299.5072937 299.5072937
298.7353210 298.7353210 298.7353210 298.6867676 298.6867676 298.6867676 298.6867676 298.6106873 298.6106873 298.6106873 298.6106873 298.5443420 298.5443420 298.5443420 298.4941711 298.4941711 298.4941711 298.4941711 298.4391479 298.4391479 298.4391479 298.4391479 298.3938293 298.3938293 298.3938293 298.3452759 298.3452759 298.3452759 298.3452759 298.1834412 298.1834412 298.1834412 298.1834412 298.1170654 298.1170654 298.1170654 297.8435669 297.8435669 297.8435669 297.8435669 297.8726807 297.8726807 297.8726807 298.3565979 298.3565979 298.3565979 298.3565979 299.3066101 299.3066101 299.3066101 299.3066101 299.5072937 299.5072937 299.5072937
298.7353210 298.7353210 298.7353210 298.6867676 298.6867676 298.6867676 298.6867676 298.6106873 298.6106873 298.6106873 298.6106873 298.5443420 298.5443420 298.5443420 298.4941711 298.4941711 298.4941711 298.4941711 298.4391479 298.4391479 298.4391479 298.4391479 298.3938293 298.3938293 298.3938293 298.3452759 298.3452759 298.3452759 298.3452759 298.1834412 298.1834412 298.1834412 298.1834412 298.1170654 298.1170654 298.1170654 297.8435669 297.8435669 297.8435669 297.8435669 297.8726807 297.8726807 297.8726807 298.3565979 298.3565979 298.3565979 298.3565979 299.3066101 299.3066101 299.3066101 299.3066101 299.5072937 299.5072937 299.5072937
298.7094116 298.7094116 298.7094116 298.6479187 298.6479187 298.6479187 298.6479187 298.6042175 298.6042175 298.6042175 298.6042175 298.5265198 298.5265198 298.5265198 298.5006409 298.5006409 298.5006409 298.5006409 298.4488525 298.4488525 298.4488525 298.4488525 298.3598328 298.3598328 298.3598328 298.3064270 298.3064270 298.3064270 298.3064270 298.2691956 298.2691956 298.2691956 298.2691956 298.2109375 298.2109375 298.2109375 298.1899109 298.1899109 298.1899109 298.1899109 298.2691956 298.2691956 298.2691956 298.5135803 298.5135803 298.5135803 298.5135803 298.9457092 298.9457092 298.9457092 298.9457092 299.2273254 299.2273254 299.2273254
298.7094116 298.7094116 298.7094116 298.6479187 298.6479187 298.6479187 298.6479187 298.6042175 298.6042175 298.6042175 298.6042175 298.5265198 298.5265198 298.5265198 298.5006409 298.5006409 298.5006409 298.5006409 298.4488525 298.4488525 298.4488525 298.4488525 298.3598328 298.3598328 298.3598328 298.3064270 298.3064270 298.3064270 298.3064270 298.2691956 298.2691956 298.2691956 298.2691956 298.2109375 298.2109375 298.2109375 298.1899109 298.1899109 298.1899109 298.1899109 298.2691956 298.2691956 298.2691956 298.5135803 298.5135803 298.5135803 298.5135803 298.9457092 298.9457092 298.9457092 298.9457092 299.2273254 299.2273254 299.2273254
298.7094116 298.7094116 298.7094116 298.6479187 298.6479187 298.6479187 298.6479187 298.6042175 298.6042175 298.6042175 298.6042175 298.5265198 298.5265198 298.5265198 298.5006409 298.5006409 298.5006409 298.5006409 298.4488525 298.4488525 298.4488525 298.4488525 298.3598328 298.3598328 298.3598328 298.3064270 298.3064270 298.3064270 298.3064270 298.2691956 298.2691956 298.2691956 298.2691956 298.2109375 298.2109375 298.2109375 298.1899109 298.1899109 298.1899109 298.1899109 298.2691956 298.2691956 298.2691956 298.5135803 298.5135803 298.5135803 298.5135803 298.9457092 298.9457092 298.9457092 298.9457092 299.2273254 299.2273254 299.2273254
298.7094116 298.7094116 298.7094116 298.6479187 298.6479187 298.6479187 298.6479187 298.6042175 298.6042175 298.6042175 298.6042175 298.5265198 298.5265198 298.5265198 298.5006409 298.5006409 298.5006409 298.5006409 298.4488525 298.4488525 298.4488525 298.4488525 298.3598328 298.3598328 298.3598328 298.3064270 298.3064270 298.3064270 298.3064270 298.2691956 298.2691956 298.2691956 298.2691956 298.2109375 298.2109375 298.2109375 298.1899109 298.1899109 298.1899109 298.1899109 298.2691956 298.2691956 298.2691956 298.5135803 298.5135803 298.5135803 298.5135803 298.9457092 298.9457092 298.9457092 298.9457092 299.2273254 299.2273254 299.2273254
298.6948547 298.6948547 298.6948547 298.6414490 298.6414490 298.6414490 298.6414490 298.6026001 298.6026001 298.6026001 298.6026001 298.5330200 298.5330200 298.5330200 298.4893188 298.4893188 298.4893188 298.4893188 298.4569397 298.4569397 298.4569397 298.4569397 298.3970642 298.3970642 298.3970642 298.3404236 298.3404236 298.3404236 298.3404236 298.3096619 298.3096619 298.3096619 298.3096619 298.2805481 298.2805481 298.2805481 298.2594910 298.2594910 298.2594910 298.2594910 298.4019165 298.4019165 298.4019165 298.5232849 298.5232849 298.5232849 298.5232849 298.7838745 298.7838745 298.7838745 298.7838745 298.9052429 298.9052429 298.9052429
298.6948547 298.6948547 298.6948547 298.6414490 298.6414490 298.6414490 298.6414490 298.6026001 298.6026001 298.6026001 298.6026001 298.5330200 298.5330200 298.5330200 298.4893188 298.4893188 298.4893188 298.4893188 298.4569397 298.4569397 298.4569397 298.4569397 298.3970642 298.3970642 298.3970642 298.3404236 298.3404236 298.3404236 298.3404236 298.3096619 298.3096619 298.3096619 298.3096619 298.2805481 298.2805481 298.2805481 298.2594910 298.2594910 298.2594910 298.2594910 298.4019165 298.4019165 298.4019165 298.5232849 298.5232849 298.5232849 298.5232849 298.7838745 298.7838745 298.7838745 298.7838745 298.9052429 298.9052429 298.9052429
298.6948547 298.6948547 298.6948547 298.6414490 298.6414490 298.6414490 298.6414490 298.6026001 298.6026001 298.6026001 298.6026001 298.5330200 298.5330200 298.5330200 298.4893188 298.4893188 298.4893188 298.4893188 298.4569397 298.4569397 298.4569397 298.4569397 298.3970642 298.3970642 298.3970642 298.3404236 298.3404236 298.3404236 298.3404236 298.3096619 298.3096619 298.3096619 298.3096619 298.2805481 298.2805481 298.2805481 298.2594910 298.2594910 298.2594910 298.2594910 298.4019165 298.4019165 298.4019165 298.5232849 298.5232849 298.5232849 298.5232849 298.7838745 298.7838745 298.7838745 298.7838745 298.9052429 298.9052429 298.9052429
298.6948547 298.6948547 298.6948547 298.6414490 298.6414490 298.6414490 298.6414490 298.6026001 298.6026001 298.6026001 298.6026001 298.5330200 298.5330200 298.5330200 298.4893188 298.4893188 298.4893188 298.4893188 298.4569397 298.4569397 298.4569397 298.4569397 298.3970642 298.3970642 298.3970642 298.3404236 298.3404236 298.3404236 298.3404236 298.3096619 298.3096619 298.3096619 298.3096619 298.2805481 298.2805481 298.2805481 298.2594910 298.2594910 298.2594910 298.2594910 298.4019165 298.4019165 298.4019165 298.5232849 298.5232849 298.5232849 298.5232849 298.7838745 298.7838745 298.7838745 298.7838745 298.9052429 298.9052429 298.9052429
298.7757874 298.7757874 298.7757874 298.7142639 298.7142639 298.7142639 298.7142639 298.6592407 298.6592407 298.6592407 298.6592407 298.6139221 298.6139221 298.6139221 298.5637512 298.5637512 298.5637512 298.5637512 298.5297852 298.5297852 298.5297852 298.5297852 298.5378723 298.5378723 298.5378723 298.5087280 298.5087280 298.5087280 298.5087280 298.4617920 298.4617920 298.4617920 298.4617920 298.4877014 298.4877014 298.4877014 298.4617920 298.4617920 298.4617920 298.4617920 298.4682617 298.4682617 298.4682617 298.5799561 298.5799561 298.5799561 298.5799561 298.6220093 298.6220093 298.6220093 298.6220093 298.7223511 298.7223511 298.7223511
298.7757874 298.7757874 298.7757874 298.7142639 298.7142639 298.7142639 298.7142639 298.6592407 298.6592407 298.6592407 298.6592407 298.6139221 298.6139221 298.6139221 298.5637512 298.5637512 298.5637512 298.5637512 298.5297852 298.5297852 298.5297852 298.5297852 298.5378723 298.5378723 298.5378723 298.5087280 298.5087280 298.5087280 298.5087280 298.4617920 298.4617920 298.4617920 298.4617920 298.4877014 298.4877014 298.4877014 298.4617920 298.4617920 298.4617920 298.4617920 298.4682617 298.4682617 298.4682617 298.5799561 298.5799561 298.5799561 298.5799561 298.6220093 298.6220093 298.6220093 298.6220093 298.7223511 298.7223511 298.7223511
298.7757874 298.7757874 298.7757874 298.7142639 298.7142639 298.7142639 298.7142639 298.6592407 298.6592407 298.6592407 298.6592407 298.6139221 298.6139221 298.6139221 298.5637512 298.5637512 298.5637512 298.5637512 298.5297852 298.5297852 298.5297852 298.5297852 298.5378723 298.5378723 298.5378723 298.5087280 298.5087280 298.5087280 298.5087280 298.4617920 298.4617920 298.4617920 298.4617920 298.4877014 298.4877014 298.4877014 298.4617920 298.4617920 298.4617920 298.4617920 298.4682617 298.4682617 298.4682617 298.5799561 298.5799561 298.5799561 298.5799561 298.6220093 298.6220093 298.6220093 298.6220093 298.7223511 298.7223511 298.7223511
298.8890686 298.8890686 298.8890686 298.8469849 298.8469849 298.8469849 298.8469849 298.7822571 298.7822571 298.7822571 298.7822571 298.7434082 298.7434082 298.7434082 298.6980896 298.6980896 298.6980896 298.6980896 298.6737976 298.6737976 298.6737976 298.6737976 298.6754456 298.6754456 298.6754456 298.6802979 298.6802979 298.6802979 298.6802979 298.6511536 298.6511536 298.6511536 298.6511536 298.6495361 298.6495361 298.6495361 298.6592407 298.6592407 298.6592407 298.6592407 298.6203918 298.6203918 298.6203918 298.5718384 298.5718384 298.5718384 298.5718384 298.5896606 298.5896606 298.5896606 298.5896606 298.3776245 298.3776245 298.3776245
298.8890686 298.8890686 298.8890686 298.8469849 298.8469849 298.8469849 298.8469849 298.7822571 298.7822571 298.7822571 298.7822571 298.7434082 298.7434082 298.7434082 298.6980896 298.6980896 298.6980896 298.6980896 298.6737976 298.6737976 298.6737976 298.6737976 298.6754456 298.6754456 298.6754456 298.6802979 298.6802979 298.6802979 298.6802979 298.6511536 298.6511536 298.6511536 298.6511536 298.6495361 298.6495361 298.6495361 298.6592407 298.6592407 298.6592407 298.6592407 298.6203918 298.6203918 298.6203918 298.5718384 298.5718384 298.5718384 298.5718384 298.5896606 298.5896606 298.5896606 298.5896606 298.3776245 298.3776245 298.3776245
298.8890686 298.8890686 298.8890686 298.8469849 298.8469849 298.8469849 298.8469849 298.7822571 298.7822571 298.7822571 298.7822571 298.7434082 298.7434082 298.7434082 298.6980896 298.6980896 298.6980896 298.6980896 298.6737976 298.6737976 298.6737976 298.6737976 298.6754456 298.6754456 298.6754456 298.6802979 298.6802979 298.6802979 298.6802979 298.6511536 298.6511536 298.6511536 298.6511536 298.6495361 298.6495361 298.6495361 298.6592407 298.6592407 298.6592407 298.6592407 298.6203918 298.6203918 298.6203918 298.5718384 298.5718384 298.5718384 298.5718384 298.5896606 298.5896606 298.5896606 298.5896606 298.3776245 298.3776245 298.3776245
298.8890686 298.8890686 298.8890686 298.8469849 298.8469849 298.8469849 298.8469849 298.7822571 298.7822571 298.7822571 298.7822571 298.7434082 298.7434082 298.7434082 298.6980896 298.6980896 298.6980896 298.6980896 298.6737976 298.6737976 298.6737976 298.6737976 298.6754456 298.6754456 298.6754456 298.6802979 298.6802979 298.6802979 298.6802979 298.6511536 298.6511536 298.6511536 298.6511536 298.6495361 298.6495361 298.6495361 298.6592407 298.6592407 298.6592407 298.6592407 298.6203918 298.6203918 298.6203918 298.5718384 298.5718384 298.5718384 298.5718384 298.5896606 298.5896606 298.5896606 298.5896606 298.3776245 298.3776245 298.3776245
298.9715881 298.9715881 298.9715881 298.9424744 298.9424744 298.9424744 298.9424744 298.9133301 298.9133301 298.9133301 298.9133301 298.8647766 298.8647766 298.8647766 298.8308105 298.8308105 298.8308105 298.8308105 298.8065186 298.8065186 298.8065186 298.8065186 298.7757874 298.7757874 298.7757874 298.7757874 298.7757874 298.7757874 298.7757874 298.7887268 298.7887268 298.7887268 298.7887268 298.7450256 298.7450256 298.7450256 298.7563477 298.7563477 298.7563477 298.7563477 298.6802979 298.6802979 298.6802979 298.6058350 298.6058350 298.6058350 298.6058350 298.4520874 298.4520874 298.4520874 298.4520874 298.2416992 298.2416992 298.2416992
298.9715881 298.9715881 298.9715881 298.9424744 298.9424744 298.9424744 298.9424744 298.9133301 298.9133301 298.9133301 298.9133301 298.8647766 298.8647766 298.8647766 298.8308105 298.8308105 298.8308105 298.8308105 298.8065186 298.8065186 298.8065186 298.8065186 298.7757874 298.7757874 298.7757874 298.7757874 298.7757874 298.7757874 298.7757874 298.7887268 298.7887268 298.7887268 298.7887268 298.7450256 298.7450256 298.7450256 298.7563477 298.7563477 298.7563477 298.7563477 298.6802979 298.6802979 298.6802979 298.6058350 298.6058350 298.6058350 298.6058350 298.4520874 298.4520874 298.4520874 298.4520874 298.2416992 298.2416992 298.2416992
298.9715881 298.9715881 298.9715881 298.9424744 298.9424744 298.9424744 298.9424744 298.9133301 298.9133301 298.9133301 298.9133301 298.8647766 298.8647766 298.8647766 298.8308105 298.8308105 298.8308105 298.8308105 298.8065186 298.8065186 298.8065186 298.8065186 298.7757874 298.7757874 298.7757874 298.7757874 298.7757874 298.7757874 298.7757874 298.7887268 298.7887268 298.7887268 298.7887268 298.7450256 298.7450256 298.7450256 298.7563477 298.7563477 298.7563477 298.7563477 298.6802979 298.6802979 298.6802979 298.6058350 298.6058350 298.6058350 298.6058350 298.4520874 298.4520874 298.4520874 298.4520874 298.2416992 298.2416992 298.2416992
298.9715881 298.9715881 298.9715881 298.9424744 298.9424744 298.9424744 298.9424744 298.9133301 298.9133301 298.9133301 298.9133301 298.8647766 298.8647766 298.8647766 298.8308105 298.8308105 298.8308105 298.8308105 298.8065186 298.8065186 298.8065186 298.8065186 298.7757874 298.7757874 298.7757874 298.7757874 298.7757874 298.7757874 298.7757874 298.7887268 298.7887268 298.7887268 298.7887268 298.7450256 298.7450256 298.7450256 298.7563477 298.7563477 298.7563477 298.7563477 298.6802979 298.6802979 298.6802979 298.6058350 298.6058350 298.6058350 298.6058350 298.4520874 298.4520874 298.4520874 298.4520874 298.2416992 298.2416992 298.2416992
