public/T.asc
NCOLS 800
NROWS 320
XLLCORNER 90.0000000
YLLCORNER -11.0000000
CELLSIZE 0.0687500
NODATA_VALUE -999.0000000
[rows 264 to 287 of 320, columns 648 to 701 of 800]
298.8291931 298.8388977 298.8388977 298.8388977 298.8388977 298.7191162 298.7191162 298.7191162 298.7029419 298.7029419 298.7029419 298.7029419 298.6883850 298.6883850 298.6883850 298.6883850 298.6786804 298.6786804 298.6786804 298.6997070 298.6997070 298.6997070 298.6997070 298.7353210 298.7353210 298.7353210 298.7353210 298.8178406 298.8178406 298.8178406 299.0007324 299.0007324 299.0007324 299.0007324 299.2095032 299.2095032 299.2095032 299.4635925 299.4635925 299.4635925 299.4635925 299.7695007 299.7695007 299.7695007 299.7695007 299.9086609 299.9086609 299.9086609 300.4087524 300.4087524 300.4087524 300.4087524 300.7648315 300.7648315
298.8291931 298.8388977 298.8388977 298.8388977 298.8388977 298.7191162 298.7191162 298.7191162 298.7029419 298.7029419 298.7029419 298.7029419 298.6883850 298.6883850 298.6883850 298.6883850 298.6786804 298.6786804 298.6786804 298.6997070 298.6997070 298.6997070 298.6997070 298.7353210 298.7353210 298.7353210 298.7353210 298.8178406 298.8178406 298.8178406 299.0007324 299.0007324 299.0007324 299.0007324 299.2095032 299.2095032 299.2095032 299.4635925 299.4635925 299.4635925 299.4635925 299.7695007 299.7695007 299.7695007 299.7695007 299.9086609 299.9086609 299.9086609 300.4087524 300.4087524 300.4087524 300.4087524 300.7648315 300.7648315
298.8291931 298.8388977 298.8388977 298.8388977 298.8388977 298.7191162 298.7191162 298.7191162 298.7029419 298.7029419 298.7029419 298.7029419 298.6883850 298.6883850 298.6883850 298.6883850 298.6786804 298.6786804 298.6786804 298.6997070 298.6997070 298.6997070 298.6997070 298.7353210 298.7353210 298.7353210 298.7353210 298.8178406 298.8178406 298.8178406 299.0007324 299.0007324 299.0007324 299.0007324 299.2095032 299.2095032 299.2095032 299.4635925 299.4635925 299.4635925 299.4635925 299.7695007 299.7695007 299.7695007 299.7695007 299.9086609 299.9086609 299.9086609 300.4087524 300.4087524 300.4087524 300.4087524 300.7648315 300.7648315
298.7644348 298.7709045 298.7709045 298.7709045 298.7709045 298.7595825 298.7595825 298.7595825 298.7045593 298.7045593 298.7045593 298.7045593 298.6365967 298.6365967 298.6365967 298.6365967 298.6689453 298.6689453 298.6689453 298.6576233 298.6576233 298.6576233 298.6576233 298.6851501 298.6851501 298.6851501 298.6851501 298.8291931 298.8291931 298.8291931 299.0444336 299.0444336 299.0444336 299.0444336 299.3794556 299.3794556 299.3794556 299.8406982 299.8406982 299.8406982 299.8406982 300.1320190 300.1320190 300.1320190 300.1320190 300.6224060 300.6224060 300.6224060 301.3959961 301.3959961 301.3959961 301.3959961 302.9934082 302.9934082
298.7644348 298.7709045 298.7709045 298.7709045 298.7709045 298.7595825 298.7595825 298.7595825 298.7045593 298.7045593 298.7045593 298.7045593 298.6365967 298.6365967 298.6365967 298.6365967 298.6689453 298.6689453 298.6689453 298.6576233 298.6576233 298.6576233 298.6576233 298.6851501 298.6851501 298.6851501 298.6851501 298.8291931 298.8291931 298.8291931 299.0444336 299.0444336 299.0444336 299.0444336 299.3794556 299.3794556 299.3794556 299.8406982 299.8406982 299.8406982 299.8406982 300.1320190 300.1320190 300.1320190 300.1320190 300.6224060 300.6224060 300.6224060 301.3959961 301.3959961 301.3959961 301.3959961 302.9934082 302.9934082
298.7644348 298.7709045 298.7709045 298.7709045 298.7709045 298.7595825 298.7595825 298.7595825 298.7045593 298.7045593 298.7045593 298.7045593 298.6365967 298.6365967 298.6365967 298.6365967 298.6689453 298.6689453 298.6689453 298.6576233 298.6576233 298.6576233 298.6576233 298.6851501 298.6851501 298.6851501 298.6851501 298.8291931 298.8291931 298.8291931 299.0444336 299.0444336 299.0444336 299.0444336 299.3794556 299.3794556 299.3794556 299.8406982 299.8406982 299.8406982 299.8406982 300.1320190 300.1320190 300.1320190 300.1320190 300.6224060 300.6224060 300.6224060 301.3959961 301.3959961 301.3959961 301.3959961 302.9934082 302.9934082
298.7644348 298.7709045 298.7709045 298.7709045 298.7709045 298.7595825 298.7595825 298.7595825 298.7045593 298.7045593 298.7045593 298.7045593 298.6365967 298.6365967 298.6365967 298.6365967 298.6689453 298.6689453 298.6689453 298.6576233 298.6576233 298.6576233 298.6576233 298.6851501 298.6851501 298.6851501 298.6851501 298.8291931 298.8291931 298.8291931 299.0444336 299.0444336 299.0444336 299.0444336 299.3794556 299.3794556 299.3794556 299.8406982 299.8406982 299.8406982 299.8406982 300.1320190 300.1320190 300.1320190 300.1320190 300.6224060 300.6224060 300.6224060 301.3959961 301.3959961 301.3959961 301.3959961 302.9934082 302.9934082
298.8065186 298.7887268 298.7887268 298.7887268 298.7887268 298.6980896 298.6980896 298.6980896 298.6835327 298.6835327 298.6835327 298.6835327 298.6301270 298.6301270 298.6301270 298.6301270 298.6026001 298.6026001 298.6026001 298.5750732 298.5750732 298.5750732 298.5750732 298.6333618 298.6333618 298.6333618 298.6333618 298.8129883 298.8129883 298.8129883 299.0897522 299.0897522 299.0897522 299.0897522 299.5461426 299.5461426 299.5461426 300.0316772 300.0316772 300.0316772 300.0316772 300.5366211 300.5366211 300.5366211 300.5366211 301.3992310 301.3992310 301.3992310 303.2944336 303.2944336 303.2944336 303.2944336 304.3383179 304.3383179
298.8065186 298.7887268 298.7887268 298.7887268 298.7887268 298.6980896 298.6980896 298.6980896 298.6835327 298.6835327 298.6835327 298.6835327 298.6301270 298.6301270 298.6301270 298.6301270 298.6026001 298.6026001 298.6026001 298.5750732 298.5750732 298.5750732 298.5750732 298.6333618 298.6333618 298.6333618 298.6333618 298.8129883 298.8129883 298.8129883 299.0897522 299.0897522 299.0897522 299.0897522 299.5461426 299.5461426 299.5461426 300.0316772 300.0316772 300.0316772 300.0316772 300.5366211 300.5366211 300.5366211 300.5366211 301.3992310 301.3992310 301.3992310 303.2944336 303.2944336 303.2944336 303.2944336 304.3383179 304.3383179
298.8065186 298.7887268 298.7887268 298.7887268 298.7887268 298.6980896 298.6980896 298.6980896 298.6835327 298.6835327 298.6835327 298.6835327 298.6301270 298.6301270 298.6301270 298.6301270 298.6026001 298.6026001 298.6026001 298.5750732 298.5750732 298.5750732 298.5750732 298.6333618 298.6333618 298.6333618 298.6333618 298.8129883 298.8129883 298.8129883 299.0897522 299.0897522 299.0897522 299.0897522 299.5461426 299.5461426 299.5461426 300.0316772 300.0316772 300.0316772 300.0316772 300.5366211 300.5366211 300.5366211 300.5366211 301.3992310 301.3992310 301.3992310 303.2944336 303.2944336 303.2944336 303.2944336 304.3383179 304.3383179
298.8065186 298.7887268 298.7887268 298.7887268 298.7887268 298.6980896 298.6980896 298.6980896 298.6835327 298.6835327 298.6835327 298.6835327 298.6301270 298.6301270 298.6301270 298.6301270 298.6026001 298.6026001 298.6026001 298.5750732 298.5750732 298.5750732 298.5750732 298.6333618 298.6333618 298.6333618 298.6333618 298.8129883 298.8129883 298.8129883 299.0897522 299.0897522 299.0897522 299.0897522 299.5461426 299.5461426 299.5461426 300.0316772 300.0316772 300.0316772 300.0316772 300.5366211 300.5366211 300.5366211 300.5366211 301.3992310 301.3992310 301.3992310 303.2944336 303.2944336 303.2944336 303.2944336 304.3383179 304.3383179
298.8534546 298.8291931 298.8291931 298.8291931 298.8291931 298.7191162 298.7191162 298.7191162 298.7029419 298.7029419 298.7029419 298.7029419 298.6657104 298.6657104 298.6657104 298.6657104 298.6624756 298.6624756 298.6624756 298.6786804 298.6786804 298.6786804 298.6786804 298.7337036 298.7337036 298.7337036 298.7337036 298.8453674 298.8453674 298.8453674 299.0525208 299.0525208 299.0525208 299.0525208 299.4522705 299.4522705 299.4522705 299.7355042 299.7355042 299.7355042 299.7355042 300.6628723 300.6628723 300.6628723 300.6628723 303.3332825 303.3332825 303.3332825 303.7718506 303.7718506 303.7718506 303.7718506 303.3980103 303.3980103
298.8534546 298.8291931 298.8291931 298.8291931 298.8291931 298.7191162 298.7191162 298.7191162 298.7029419 298.7029419 298.7029419 298.7029419 298.6657104 298.6657104 298.6657104 298.6657104 298.6624756 298.6624756 298.6624756 298.6786804 298.6786804 298.6786804 298.6786804 298.7337036 298.7337036 298.7337036 298.7337036 298.8453674 298.8453674 298.8453674 299.0525208 299.0525208 299.0525208 299.0525208 299.4522705 299.4522705 299.4522705 299.7355042 299.7355042 299.7355042 299.7355042 300.6628723 300.6628723 300.6628723 300.6628723 303.3332825 303.3332825 303.3332825 303.7718506 303.7718506 303.7718506 303.7718506 303.3980103 303.3980103
298.8534546 298.8291931 298.8291931 298.8291931 298.8291931 298.7191162 298.7191162 298.7191162 298.7029419 298.7029419 298.7029419 298.7029419 298.6657104 298.6657104 298.6657104 298.6657104 298.6624756 298.6624756 298.6624756 298.6786804 298.6786804 298.6786804 298.6786804 298.7337036 298.7337036 298.7337036 298.7337036 298.8453674 298.8453674 298.8453674 299.0525208 299.0525208 299.0525208 299.0525208 299.4522705 299.4522705 299.4522705 299.7355042 299.7355042 299.7355042 299.7355042 300.6628723 300.6628723 300.6628723 300.6628723 303.3332825 303.3332825 303.3332825 303.7718506 303.7718506 303.7718506 303.7718506 303.3980103 303.3980103
298.8599243 298.8291931 298.8291931 298.8291931 298.8291931 298.7903442 298.7903442 298.7903442 298.7547302 298.7547302 298.7547302 298.7547302 298.7142639 298.7142639 298.7142639 298.7142639 298.7158813 298.7158813 298.7158813 298.6835327 298.6835327 298.6835327 298.6835327 298.6948547 298.6948547 298.6948547 298.6948547 298.7531128 298.7531128 298.7531128 298.9003906 298.9003906 298.9003906 298.9003906 299.0201416 299.0201416 299.0201416 299.1107788 299.1107788 299.1107788 299.1107788 299.7905273 299.7905273 299.7905273 299.7905273 301.7277832 301.7277832 301.7277832 302.3104248 302.3104248 302.3104248 302.3104248 301.5708008 301.5708008
298.8599243 298.8291931 298.8291931 298.8291931 298.8291931 298.7903442 298.7903442 298.7903442 298.7547302 298.7547302 298.7547302 298.7547302 298.7142639 298.7142639 298.7142639 298.7142639 298.7158813 298.7158813 298.7158813 298.6835327 298.6835327 298.6835327 298.6835327 298.6948547 298.6948547 298.6948547 298.6948547 298.7531128 298.7531128 298.7531128 298.9003906 298.9003906 298.9003906 298.9003906 299.0201416 299.0201416 299.0201416 299.1107788 299.1107788 299.1107788 299.1107788 299.7905273 299.7905273 299.7905273 299.7905273 301.7277832 301.7277832 301.7277832 302.3104248 302.3104248 302.3104248 302.3104248 301.5708008 301.5708008
298.8599243 298.8291931 298.8291931 298.8291931 298.8291931 298.7903442 298.7903442 298.7903442 298.7547302 298.7547302 298.7547302 298.7547302 298.7142639 298.7142639 298.7142639 298.7142639 298.7158813 298.7158813 298.7158813 298.6835327 298.6835327 298.6835327 298.6835327 298.6948547 298.6948547 298.6948547 298.6948547 298.7531128 298.7531128 298.7531128 298.9003906 298.9003906 298.9003906 298.9003906 299.0201416 299.0201416 299.0201416 299.1107788 299.1107788 299.1107788 299.1107788 299.7905273 299.7905273 299.7905273 299.7905273 301.7277832 301.7277832 301.7277832 302.3104248 302.3104248 302.3104248 302.3104248 301.5708008 301.5708008
298.8599243 298.8291931 298.8291931 298.8291931 298.8291931 298.7903442 298.7903442 298.7903442 298.7547302 298.7547302 298.7547302 298.7547302 298.7142639 298.7142639 298.7142639 298.7142639 298.7158813 298.7158813 298.7158813 298.6835327 298.6835327 298.6835327 298.6835327 298.6948547 298.6948547 298.6948547 298.6948547 298.7531128 298.7531128 298.7531128 298.9003906 298.9003906 298.9003906 298.9003906 299.0201416 299.0201416 299.0201416 299.1107788 299.1107788 299.1107788 299.1107788 299.7905273 299.7905273 299.7905273 299.7905273 301.7277832 301.7277832 301.7277832 302.3104248 302.3104248 302.3104248 302.3104248 301.5708008 301.5708008
298.9440918 298.9165649 298.9165649 298.9165649 298.9165649 298.8388977 298.8388977 298.8388977 298.8324280 298.8324280 298.8324280 298.8324280 298.8097534 298.8097534 298.8097534 298.8097534 298.8097534 298.8097534 298.8097534 298.7822571 298.7822571 298.7822571 298.7822571 298.7612000 298.7612000 298.7612000 298.7612000 298.7919617 298.7919617 298.7919617 298.7595825 298.7595825 298.7595825 298.7595825 298.8291931 298.8291931 298.8291931 298.8081360 298.8081360 298.8081360 298.8081360 298.8356628 298.8356628 298.8356628 298.8356628 299.5752869 299.5752869 299.5752869 299.5089111 299.5089111 299.5089111 299.5089111 299.1593323 299.1593323
298.9440918 298.9165649 298.9165649 298.9165649 298.9165649 298.8388977 298.8388977 298.8388977 298.8324280 298.8324280 298.8324280 298.8324280 298.8097534 298.8097534 298.8097534 298.8097534 298.8097534 298.8097534 298.8097534 298.7822571 298.7822571 298.7822571 298.7822571 298.7612000 298.7612000 298.7612000 298.7612000 298.7919617 298.7919617 298.7919617 298.7595825 298.7595825 298.7595825 298.7595825 298.8291931 298.8291931 298.8291931 298.8081360 298.8081360 298.8081360 298.8081360 298.8356628 298.8356628 298.8356628 298.8356628 299.5752869 299.5752869 299.5752869 299.5089111 299.5089111 299.5089111 299.5089111 299.1593323 299.1593323
298.9440918 298.9165649 298.9165649 298.9165649 298.9165649 298.8388977 298.8388977 298.8388977 298.8324280 298.8324280 298.8324280 298.8324280 298.8097534 298.8097534 298.8097534 298.8097534 298.8097534 298.8097534 298.8097534 298.7822571 298.7822571 298.7822571 298.7822571 298.7612000 298.7612000 298.7612000 298.7612000 298.7919617 298.7919617 298.7919617 298.7595825 298.7595825 298.7595825 298.7595825 298.8291931 298.8291931 298.8291931 298.8081360 298.8081360 298.8081360 298.8081360 298.8356628 298.8356628 298.8356628 298.8356628 299.5752869 299.5752869 299.5752869 299.5089111 299.5089111 299.5089111 299.5089111 299.1593323 299.1593323
298.9343872 298.9392395 298.9392395 298.9392395 298.9392395 298.8858337 298.8858337 298.8858337 298.8825989 298.8825989 298.8825989 298.8825989 298.8372803 298.8372803 298.8372803 298.8372803 298.8437500 298.8437500 298.8437500 298.8356628 298.8356628 298.8356628 298.8356628 298.8162231 298.8162231 298.8162231 298.8162231 298.8178406 298.8178406 298.8178406 298.8081360 298.8081360 298.8081360 298.8081360 298.8081360 298.8081360 298.8081360 298.8065186 298.8065186 298.8065186 298.8065186 298.7094116 298.7094116 298.7094116 298.7094116 298.6980896 298.6980896 298.6980896 298.6527710 298.6527710 298.6527710 298.6527710 298.6592407 298.6592407
298.9343872 298.9392395 298.9392395 298.9392395 298.9392395 298.8858337 298.8858337 298.8858337 298.8825989 298.8825989 298.8825989 298.8825989 298.8372803 298.8372803 298.8372803 298.8372803 298.8437500 298.8437500 298.8437500 298.8356628 298.8356628 298.8356628 298.8356628 298.8162231 298.8162231 298.8162231 298.8162231 298.8178406 298.8178406 298.8178406 298.8081360 298.8081360 298.8081360 298.8081360 298.8081360 298.8081360 298.8081360 298.8065186 298.8065186 298.8065186 298.8065186 298.7094116 298.7094116 298.7094116 298.7094116 298.6980896 298.6980896 298.6980896 298.6527710 298.6527710 298.6527710 298.6527710 298.6592407 298.6592407
298.9343872 298.9392395 298.9392395 298.9392395 298.9392395 298.8858337 298.8858337 298.8858337 298.8825989 298.8825989 298.8825989 298.8825989 298.8372803 298.8372803 298.8372803 298.8372803 298.8437500 298.8437500 298.8437500 298.8356628 298.8356628 298.8356628 298.8356628 298.8162231 298.8162231 298.8162231 298.8162231 298.8178406 298.8178406 298.8178406 298.8081360 298.8081360 298.8081360 298.8081360 298.8081360 298.8081360 298.8081360 298.8065186 298.8065186 298.8065186 298.8065186 298.7094116 298.7094116 298.7094116 298.7094116 298.6980896 298.6980896 298.6980896 298.6527710 298.6527710 298.6527710 298.6527710 298.6592407 298.6592407
