public/U.asc
NCOLS 221
NROWS 89
XLLCORNER 89.8750000
YLLCORNER -11.1250000
CELLSIZE 0.2500000
NODATA_VALUE -999.0000000
[rows 25 to 49 of 89, columns 114 to 170 of 221]
1.4616202 2.1714475 2.7035255 2.6949499 2.4567816 2.1683290 1.9859023 1.3255798 0.4703568 -0.1782717 -0.4982981 -0.5871727 -0.5754787 -0.3860355 -0.1829493 -0.1225302 -0.2632483 -0.3957805 -0.6487612 -1.0268680 -1.3215574 -1.5336090 -1.4946289 -1.2689342 -0.9722959 -0.7200948 -0.3579699 -0.1439692 0.0649640 0.2544072 0.6227689 0.9349993 1.6323529 2.0046127 2.2533057 2.5865853 3.3178515 3.7973065 4.0319667 4.1500764 4.2143936 4.1722951 4.0522361 3.8600645 3.6947889 3.5961692 3.5033967 3.3100555 3.0512278 2.8461926 2.8150086 2.8765972 2.9604042 3.1159348 3.3209701 3.4975498 3.6078634
1.9313302 2.8033144 3.3112249 3.1354249 2.7787571 2.3616703 1.7485136 1.0932585 0.4075989 -0.2320642 -0.5345496 -0.6409652 -0.6643533 -0.4651651 -0.2757219 -0.2121844 -0.3529024 -0.5871727 -0.8432719 -1.0093269 -1.2170908 -1.3305228 -1.2552912 -1.0677971 -0.8693885 -0.6273222 -0.5793767 -0.3743415 -0.2971609 -0.0979727 0.3405532 0.6605796 1.3002427 1.6686045 1.9430242 2.7545896 3.4831271 3.8316090 4.0319667 4.1009612 4.1029105 4.0307970 3.8581154 3.6647742 3.4792292 3.3782706 3.2262485 2.9954863 2.7054746 2.6049058 2.6138713 2.6968989 2.7799265 2.8773768 3.0777342 3.2211809 3.3190210
2.7962980 3.6842644 3.8510990 3.6254044 3.0726669 2.3363333 1.6725024 1.0718194 0.3861599 -0.2484358 -0.5610561 -0.7984447 -0.8452209 -0.6818943 -0.5591071 -0.4760795 -0.5131106 -0.7473809 -0.9192830 -1.0510356 -1.0553235 -1.0179026 -0.8822519 -0.7290602 -0.5591071 -0.6409652 -0.5941891 -0.6499307 -0.6148486 -0.3657659 0.1694306 0.5222003 1.0094513 1.4339443 2.2572036 3.0687690 3.5758996 3.9009936 4.0300179 4.0268993 3.9555657 3.8082209 3.6293025 3.3735931 3.1868784 3.0219927 2.8520396 2.6762395 2.4517143 2.3971422 2.4906943 2.5768404 2.6185489 2.7163889 2.7779775 2.9144077 3.0064008
3.9107385 4.3441973 4.2876759 4.0300179 3.1790824 2.3472476 1.7212275 1.1431530 0.5229799 -0.1303262 -0.6721493 -0.9535854 -1.0904056 -1.0600010 -0.9309770 -0.8120878 -0.8276798 -0.7886997 -0.9360444 -0.9691775 -0.9348750 -0.7064518 -0.4429464 -0.2698749 -0.3030079 -0.4359300 -0.7388052 -0.8120878 -0.7867507 -0.5540397 0.0669130 0.5592314 1.0550580 1.7633260 2.6119223 3.2367730 3.6862133 3.9329572 4.0074091 3.8764360 3.7045341 3.5287337 3.2270279 2.9713187 2.7865531 2.6177695 2.5199294 2.4057178 2.3219106 2.3141146 2.4213097 2.4809494 2.5172007 2.4984903 2.5425379 2.5737219 2.6754599
4.3714833 4.6763072 4.4545107 4.1430597 3.2660081 2.3893461 1.7602077 1.3333758 0.7506236 0.0150695 -0.6097811 -1.0943035 -1.3656049 -1.4525305 -1.3987379 -1.2689342 -1.0529847 -0.9095380 -0.7649219 -0.7271112 -0.5540397 -0.2757219 0.0259839 0.2356967 0.1148585 -0.3626475 -0.7836323 -1.0373926 -0.9781429 -0.5891217 0.0934195 0.6683756 1.3014121 2.0455418 2.7230155 3.2788715 3.6928399 3.9458206 3.8737075 3.6725702 3.3864565 3.0570748 2.7417259 2.5355215 2.3589416 2.2965734 2.2611017 2.2778630 2.2544751 2.2455096 2.3355536 2.4322243 2.4665267 2.4076667 2.2486279 2.2018518 2.3823297
4.6950178 4.9144754 4.6373272 4.0962839 3.2270279 2.3776522 1.8062041 1.4499263 0.9841143 0.2555766 -0.4982981 -1.1449777 -1.4868330 -1.6926477 -1.7593037 -1.6236531 -1.3196084 -1.0015310 -0.7239928 -0.3723925 -0.0823807 0.2953363 0.6325139 0.7759606 0.5163533 -0.0979727 -0.7925977 -1.1597900 -1.0268680 -0.5384476 0.1448732 0.7662156 1.4721448 2.2045805 2.8512599 3.3806095 3.7875614 3.9438717 3.7797656 3.3502049 2.8707502 2.4388509 2.1312981 2.0131884 2.0092902 2.0435927 2.1578045 2.2349849 2.2583730 2.2611017 2.3480272 2.4731534 2.4587307 2.2739651 2.0474908 1.9625143 2.1882088
4.9635906 4.9830804 4.5238953 3.8717585 3.0083497 2.2174439 1.7340909 1.5072269 1.2347561 0.6878657 0.0064939 -0.7446522 -1.3792479 -1.8306372 -1.9144444 -1.7378646 -1.3500129 -0.8736763 -0.4261850 0.0376779 0.4134459 0.8628862 1.0687010 1.1528980 0.8227367 0.0493720 -0.7992243 -1.2014987 -1.0023105 -0.4429464 0.2583052 0.9829448 1.7945101 2.4665267 3.0504482 3.4858558 3.7614448 3.7906799 3.4948211 2.9253223 2.2505770 1.6978395 1.5590705 1.6393694 1.7828161 1.8794867 1.9995453 2.1383145 2.2057500 2.2552547 2.3433497 2.4252079 2.4485958 2.2720160 1.9106708 1.6265060 1.8802663
4.8754954 4.8708181 4.2603898 3.5435462 2.7230155 2.0385253 1.5844074 1.5766115 1.5052779 1.2593136 0.6403100 -0.1186322 -0.8498985 -1.4634448 -1.7795733 -1.6295000 -1.0631195 -0.4332014 0.1448732 0.5494864 0.8005181 1.1139179 1.2702280 1.2924467 0.9681324 0.2575256 -0.5552090 -1.0249190 -0.9165544 -0.3587494 0.4808815 1.2328072 1.9987657 2.6380391 3.1139858 3.4948211 3.6842644 3.6538599 3.0492787 2.4517143 1.5083963 0.8921213 1.0729889 1.3832703 1.5228189 1.6647065 1.8249146 2.0404744 2.1644311 2.1909375 2.2291379 2.2907264 2.3109961 2.1266203 1.6822475 1.3403922 1.5189209
4.6704602 4.4888129 3.8277111 3.1790824 2.4127340 1.7282439 1.4565529 1.5044984 1.7680037 1.6226079 1.3961337 0.7708932 -0.0024715 -0.8284594 -1.3480638 -1.4084830 -0.7797343 0.2575256 0.9615058 1.2760750 1.2858201 1.2269602 1.3442901 1.3384432 1.0277719 0.3284693 -0.4702325 -0.9446200 -0.7154171 -0.0952441 0.7903833 1.5602398 2.2291379 2.7428954 3.1950643 3.4839067 3.6382678 3.1537454 2.3316555 1.9379568 0.8570392 0.2458316 0.8539208 1.1794045 1.2425522 1.3493576 1.5278864 1.7426666 1.9399058 1.9204158 1.8716906 1.9137892 1.9664123 1.8919603 1.4779918 0.8979683 0.9194073
4.2155628 4.0463891 3.4125731 2.7982471 2.0973854 1.4078277 1.1696595 1.4596713 1.7418870 1.9808348 1.7984082 1.4409608 0.8414472 0.0318309 -0.8218328 -1.0042596 -0.5384476 0.5132349 1.6615881 2.0404744 1.7192786 1.3598822 1.3080387 1.2780241 1.0336189 0.4878978 -0.3158714 -0.8518475 -0.6136792 0.3031323 1.1794045 1.8405066 2.3238595 2.8403456 3.1829805 3.4612982 3.3287661 2.7643344 1.4662979 1.0406353 0.2142577 0.0228655 0.5678070 0.8519718 0.9057643 0.9427954 1.1224935 1.4136747 1.5824585 1.5161923 1.3630006 1.4039297 1.5551724 1.4986513 1.2904977 0.7650462 0.6617490
3.6830950 3.5376992 2.9674206 2.3530946 1.7262950 1.0846828 0.9887919 1.2865996 1.7738507 2.0131884 1.9106708 1.6097445 1.2865996 0.6481060 -0.2885853 -0.7894793 -0.3217184 0.8129917 1.9566672 2.4466469 2.1137569 1.4078277 1.2328072 1.1833025 0.9096623 0.3705678 -0.3431574 -0.8717273 -0.2952119 0.8051957 1.6128629 2.0619135 2.4801698 2.9019341 3.2328751 3.3677461 3.2406709 1.9761573 0.3608228 -0.0129962 -0.3069060 -0.2347928 0.3159957 0.5892460 0.5346739 0.5795010 0.6792901 0.9661834 1.0913094 1.0160779 0.8913417 1.0133493 1.1677104 1.3099877 1.1049525 0.9700814 0.9330503
3.0114682 2.8403456 2.4166322 1.9098911 1.3228512 0.8648352 0.8012977 1.2339766 1.7212275 1.8658437 1.7418870 1.3248001 1.1536776 0.7630972 -0.0854991 -0.5953586 -0.1174628 1.0172473 1.9644632 2.4556122 2.0786748 1.2456706 1.0718194 0.9135603 0.6235485 0.2407642 -0.4721815 -0.5240250 0.1511100 1.3949643 2.0085108 2.3063185 2.5316234 2.9342875 2.9966557 3.1323063 2.6282940 1.2230622 -0.3645965 -0.2036087 -0.5298720 -0.5053145 0.0103919 0.2115291 0.1569570 0.2115291 0.2797442 0.4839998 0.6188709 0.5931441 0.6188709 0.7662156 1.0016553 1.1439326 1.2476196 1.2183845 1.3111571
2.4185812 2.0650318 1.6276754 1.5122943 1.0114003 0.6344630 0.7747912 1.1872004 1.6498940 1.7777487 1.2885487 0.6352426 0.7330825 0.6898147 -0.1205812 -0.4448954 0.0228655 1.0570070 1.9710898 2.0053923 1.5805094 0.8765292 0.6792901 0.4781528 0.4847794 0.1019951 -0.2768913 -0.3384798 0.9841143 2.1940558 2.2895572 2.4115648 2.5503337 2.7378280 2.7721305 2.7514710 2.2622709 0.7630972 -0.5384476 0.7124231 -0.4702325 -0.7629729 -0.2024393 -0.0013021 -0.1400712 -0.0932951 -0.0465190 0.1117401 0.2633726 0.3502982 0.4457994 0.7202191 0.9505914 1.0932585 1.1977251 1.4047093 1.5493253
1.8666233 1.4967023 0.9155093 1.0991055 0.6987801 0.4723058 0.6001605 0.8227367 1.3275287 1.6997885 1.1314590 0.0973175 0.5833991 0.5728744 -0.4409974 -0.5571581 0.1312301 1.1743370 1.7231766 1.4487568 0.8285837 0.3588738 0.1448732 0.1861921 0.1811246 -0.2386908 -0.3891539 0.9174584 2.5924323 2.7389975 2.4096158 2.4088361 2.3901258 2.5296743 2.3297067 2.2330360 1.7426666 0.3062507 -0.2063373 1.1794045 -0.4144910 -0.5676827 -0.0414516 -0.1802207 -0.3587494 -0.3147020 -0.2476562 -0.1607307 -0.0562640 0.1078421 0.3245713 0.6266670 0.9544894 1.1061219 1.2417725 1.4752632 1.5902545
1.5621889 0.9965879 0.4808815 0.7985691 0.2045127 0.0220859 0.0435250 0.1175871 0.6247180 1.1458815 0.7467256 -0.1790513 0.6948821 0.6878657 -0.4055255 -0.5715807 0.0462536 1.0075023 1.5189209 0.9634548 0.1783960 -0.3119734 -0.4682835 -0.0718561 -0.4195584 -0.4612671 1.0082819 3.0114682 3.6460638 2.8169575 2.2603221 2.2271891 2.1312981 2.0424235 1.7282439 1.3891172 0.8921213 0.0571680 -0.3326328 -0.2398602 -0.4125420 0.1175871 -0.0640601 -0.5045350 -0.6195262 -0.4624365 -0.3801885 -0.2866363 -0.2063373 -0.0971931 0.0454740 0.4212419 0.8901722 1.2425522 1.3988622 1.4818898 1.5738828
1.2721771 1.0289414 0.6956617 0.2279007 -0.6978762 -0.6265426 -0.3568004 -0.2425888 0.1156381 0.4711364 0.1569570 -0.2367418 0.0365085 0.0669130 -0.3821375 -0.2807893 0.3413328 0.9977573 1.0570070 0.2750666 -0.3723925 -0.3365308 -0.5376680 -0.4846551 -0.5454640 0.5806704 2.8434641 4.2642879 3.5170398 2.3776522 1.9691409 1.8872827 1.6440470 1.4358934 1.1361365 0.7572502 0.3541962 -0.0952441 -0.7337378 -1.0471376 -0.2281662 0.1273321 -0.3996785 -0.8744559 -0.9009624 -0.7064518 -0.5805461 -0.4916715 -0.5501416 -0.5228556 -0.2698749 0.2446622 0.7642666 1.1723881 1.3754742 1.3746947 1.3197328
1.3774233 1.2250111 0.3265203 -0.8900479 -1.6965457 -1.2377502 -0.8460004 -0.8803029 -0.5630051 -0.1704757 -0.5953586 -0.8479494 -0.9839899 -1.0872871 -0.9165544 -0.7512789 -0.5922402 -0.3957805 -0.3911029 -0.4448954 -0.3049569 -0.4487934 -0.5715807 0.3717372 1.0866319 2.6450555 4.1871076 3.8355069 2.5257764 1.8003571 1.4740938 1.2982937 0.9517608 0.7650462 0.3990233 -0.0336556 -0.3638169 -0.6967067 -1.0689665 -0.4827061 -0.0893971 -1.0151740 -1.3059654 -1.2786794 -1.1742127 -1.0120555 -0.8880989 -0.8120878 -0.7875303 -0.7122988 -0.5676827 -0.1010911 0.4742548 0.9174584 1.0386864 0.9096623 0.8402778
0.9887919 0.6001605 -0.6448632 -2.1978295 -2.9934130 -2.4067628 -1.6634127 -2.0855670 -2.9088261 -2.8012412 -3.0873549 -3.2074137 -2.8452888 -2.9595003 -2.9251978 -2.6772845 -2.6441514 -2.8257987 -2.6948256 -1.3355902 -0.5669031 -0.2523338 0.6344630 2.2221215 3.6000674 4.5706711 3.8764360 3.0025027 1.8268635 1.2838711 0.8356001 0.5054389 0.2162067 0.1733286 -0.1802207 -0.7259418 -1.1379613 -1.7717773 -2.1155815 -1.1145732 -0.6117302 -1.3149308 -1.5024250 -1.5453031 -1.5874015 -1.4809859 -1.3492333 -1.2689342 -1.2170908 -0.8912174 -0.7532278 -0.4702325 0.1148585 0.4917959 0.5397413 0.3686188 0.2945567
0.6430386 0.2045127 -1.4264138 -3.2697818 -4.0832958 -3.3169477 -2.5396848 -2.9797699 -3.8186212 -4.3705792 -4.6321354 -4.0669246 -3.4475310 -3.1119125 -2.6800132 -2.5560565 -3.2670531 -3.5531669 -4.1507316 -3.2191076 -1.3246758 0.5475374 2.1921070 3.4889741 4.4311228 3.7770369 3.0551260 2.1383145 1.1400346 0.5717050 0.0131205 -0.3334124 -0.4487934 -0.4448954 -0.3782395 -0.8939459 -1.6489900 -2.3833747 -2.7981229 -2.1557312 -1.5815545 -1.6029936 -1.8150452 -1.9222404 -1.9729146 -2.0103354 -1.9039198 -1.6158570 -1.4135504 -1.0970322 -1.0393417 -0.7045028 0.0279329 0.4056499 0.2407642 0.0493720 -0.1400712
0.6781206 0.0922501 -1.4221261 -3.7270181 -4.2933984 -3.5952654 -3.5473199 -3.8587708 -3.0308340 -3.4896293 -3.1341310 -2.3677828 -2.0688055 -1.3227268 -0.8374248 -1.2689342 -1.9908453 -2.6889787 -3.2339201 -3.0861855 -1.3020674 1.4351138 3.0258908 3.8109496 3.6519108 3.0005538 2.1566350 1.2445012 0.3978539 -0.2425888 -0.8569149 -1.1617391 -1.1539431 -0.8323574 -0.7388052 -0.6799453 -1.4182280 -2.1958807 -2.5591750 -2.4956374 -2.1342921 -2.0376215 -2.1409187 -2.2407076 -2.3919504 -2.4437938 -2.5178561 -2.1724925 -1.5464724 -1.2778997 -1.1360122 -0.5973076 0.1070625 0.3296387 0.1725490 -0.1860677 -0.3696639
0.9057643 0.2653216 -0.9262994 -3.4397349 -3.7679472 -2.9544330 -3.1645355 -2.7681081 -1.9397814 -0.8596435 -0.3587494 0.0298819 -0.2601299 0.2181557 0.4847794 -0.0777031 -0.9878879 -1.6860211 -1.4303118 -1.3168797 -0.1868473 2.1605330 3.2710755 3.3872361 3.2379425 2.3951931 1.5512744 0.4964735 -0.3618679 -1.0833892 -1.6829027 -1.9202914 -1.7300687 -1.3636559 -0.8413228 -0.7836323 -0.7707689 -1.4965780 -1.9573225 -2.1272757 -2.0454175 -2.2711122 -2.3872728 -2.4625044 -2.6145265 -2.9088261 -3.0511036 -2.8296967 -2.1038876 -1.9066484 -1.3578088 -0.7699893 -0.3139224 -0.0913461 -0.0024715 -0.3938315 -0.3860355
1.4928043 0.8383288 -0.2398602 -2.5042131 -2.8148842 -1.8002328 -1.8481783 -1.4057543 -0.5696317 0.6344630 1.1373060 1.1988945 0.2789646 -0.0699071 0.2349171 0.2992343 -0.5824951 -0.8912174 -0.4975185 0.1733286 1.1918781 2.9066117 3.5914917 3.6324208 3.0629218 2.1312981 0.7935017 -0.3314634 -1.1223692 -1.8442802 -2.4430144 -2.5521586 -2.3459539 -1.9701859 -1.4116014 -0.6195262 -0.4526914 -1.0112760 -1.6322286 -1.7600833 -1.8961238 -2.3198373 -2.6655905 -2.7454996 -2.8589318 -3.1516721 -3.3372173 -3.2600367 -2.7544651 -2.5825629 -1.8501272 -1.3344208 -0.9543651 -0.6487612 -0.4807571 -0.4035766 -0.2121844
2.0435927 1.3481882 0.3647208 -1.3012878 -1.6996641 -1.0073780 -0.7122988 -0.6401856 -0.0718561 0.5736541 1.0472620 0.8472942 -0.1283772 -0.7836323 0.0189675 0.2356967 -0.2574013 -0.5992565 0.2524582 1.4047093 2.4704247 3.6265738 3.9251611 3.5552402 2.7124910 1.2916671 -0.0893971 -1.0268680 -1.7086296 -2.4437938 -3.1099634 -3.1555700 -2.9232488 -2.5580056 -1.9506959 -1.0256987 -0.4897225 -1.0709155 -1.8208922 -1.6906987 -1.8333658 -2.4808249 -2.8686767 -3.0101745 -3.0963204 -3.3001862 -3.5286095 -3.4143977 -2.7221117 -2.1939316 -1.8637702 -1.6899191 -1.6587350 -1.3090838 -1.0295966 -0.8101388 -0.0363842
2.2583730 1.4818898 0.4535954 -0.7727179 -0.3716129 -0.0621111 -0.1049891 -0.3716129 -0.3988989 -0.0102675 0.3978539 0.4995919 0.0571680 -0.8070204 -0.4982981 -0.3560208 0.1725490 1.0768869 1.9087217 2.5748913 3.4281652 3.4772801 3.3743727 3.1595924 2.1441615 0.5416903 -0.8167654 -1.6185856 -2.0797200 -2.7669387 -3.6888175 -3.8431787 -3.4732578 -3.0425279 -2.4800453 -1.5784361 -1.0276476 -1.4388875 -1.9358834 -1.4342098 -1.7456607 -2.5307195 -3.1177595 -3.3539786 -3.3403356 -3.3949077 -3.7075281 -3.8599401 -3.4467514 -1.9927944 -1.3667743 -1.3305228 -1.5102210 -1.5764871 -1.5071026 -1.2085152 -0.4203380
2.1921070 1.5025493 0.3647208 -1.1371816 -0.1010911 0.1323995 0.2056821 0.1292811 0.1136891 0.1589060 -0.0266392 -0.2846873 -0.3930519 -0.7181458 -0.8070204 -0.0297576 1.8658437 3.0668199 2.7191176 2.0560665 2.2279687 2.5631974 2.4879656 2.3180125 1.1283406 -0.5766481 -1.4388875 -1.4993066 -1.8941748 -3.0296645 -4.2551980 -4.3733077 -3.9429677 -3.5461504 -2.8413906 -1.7183746 -0.9535854 -1.1812291 -1.7573547 -1.4342098 -1.6984948 -2.6047816 -3.2405467 -3.5102887 -3.4752069 -3.4720883 -3.8100457 -4.1480031 -4.2727389 -3.1021674 -2.1303940 -1.7366953 -1.7327973 -1.6782252 -1.5530990 -1.4466834 -1.0716951
