public/U.asc
NCOLS 221
NROWS 89
XLLCORNER 89.875
YLLCORNER -11.125
CELLSIZE 0.25
NODATA_VALUE -999
[rows 0 to 29 of 89, columns 136 to 203 of 221]
3.0964 2.6807 2.3664 2.3417 2.4135 2.6444 3.3962 3.8632 4.3257 4.5869 4.5013 4.276 3.8933 3.7634 3.7395 3.7601 3.8854 4.12 4.414 4.7493 5.0323 5.3174 5.5736 5.8033 6.0251 6.1856 6.3775 6.4824 6.6054 6.6959 6.7823 6.8849 6.9515 6.9914 7.0338 7.0153 7.0268 7.048 7.1187 7.1818 7.304 7.3646 7.4274 7.4436 7.4635 7.4675 7.4346 7.3553 7.2538 7.135 7.0703 7.051 7.0518 7.0411 6.9473 6.8744 6.823 6.798 6.7694 6.7148 6.6471 6.5986 6.549 6.5623 6.597 6.6597 6.7611 6.8089
3.3239 3.0531 2.7341 2.8057 2.6439 2.8079 3.475 3.9817 4.7249 4.5898 4.4151 3.72 3.278 3.1925 3.1989 3.3846 3.6432 3.9398 4.2915 4.6493 4.9485 5.2304 5.4741 5.7028 5.9446 6.1015 6.322 6.4043 6.5403 6.6187 6.7059 6.7724 6.8186 6.9035 6.948 6.9689 6.973 6.9942 7.0148 7.054 7.1132 7.1685 7.1735 7.1897 7.2224 7.2766 7.2643 7.2251 7.12 7.0437 6.9979 6.937 6.9017 6.8209 6.7587 6.7132 6.6945 6.6663 6.6189 6.5652 6.4997 6.4528 6.4416 6.4597 6.5031 6.5854 6.6975 6.7803
4.1058 3.99 3.4217 2.9514 2.5529 2.7786 3.6256 4.6561 5.2223 4.6042 3.6517 2.8925 2.6236 2.6252 2.8665 3.1073 3.4576 3.8406 4.1961 4.5619 4.8559 5.1355 5.3784 5.5977 5.8416 6.0205 6.2078 6.2965 6.421 6.4783 6.5712 6.6448 6.715 6.8201 6.8591 6.9359 6.9012 6.8578 6.8781 6.9313 6.9926 7.0244 7.0148 7.0003 7.0167 7.1113 7.1248 7.1172 7.066 6.9951 6.9251 6.842 6.79 6.6948 6.6686 6.6411 6.6201 6.5712 6.512 6.451 6.392 6.4032 6.4238 6.4436 6.4725 6.5399 6.612 6.683
4.0694 4.0437 3.3022 2.6861 2.852 3.8181 5.1923 5.9538 5.1196 3.7179 2.5104 1.9851 1.9786 2.2082 2.5338 2.9786 3.3117 3.7397 4.0771 4.4797 4.7918 5.0791 5.3307 5.5401 5.7322 5.9038 6.0892 6.1728 6.2773 6.3676 6.4729 6.5617 6.6414 6.7429 6.7913 6.8643 6.8045 6.771 6.789 6.8559 6.9207 6.936 6.8971 6.8513 6.8532 6.9522 6.9482 6.9376 6.904 6.8621 6.7995 6.7039 6.6568 6.6282 6.616 6.563 6.5184 6.4642 6.4079 6.3549 6.3214 6.3495 6.3853 6.4184 6.4254 6.4405 6.4828 6.5172
2.8198 2.9878 3.042 3.6052 4.8694 5.7609 5.8669 5.9559 4.0407 2.0856 1.2353 1.1778 1.5114 1.9764 2.3822 2.8588 3.2046 3.7344 4.0787 4.4681 4.7466 5.0128 5.2509 5.4525 5.6316 5.775 5.9736 6.0665 6.1359 6.224 6.3444 6.4841 6.5934 6.6545 6.7037 6.7354 6.7203 6.7152 6.7346 6.7963 6.836 6.8214 6.7765 6.7482 6.7903 6.8132 6.7847 6.7414 6.687 6.637 6.5875 6.5289 6.5087 6.5243 6.475 6.3955 6.3467 6.312 6.2802 6.2377 6.2038 6.2238 6.2503 6.2745 6.301 6.3386 6.3773 6.3958
2.4729 3.1322 3.6308 4.9782 5.9024 5.1791 4.4782 3.541 1.3915 0.3494 0.5702 0.6696 1.2779 1.8143 2.2618 2.7071 3.195 3.7182 4.079 4.4272 4.6928 4.9453 5.1692 5.3486 5.5446 5.6997 5.8537 5.9579 6.0699 6.1555 6.2789 6.423 6.5237 6.5597 6.6175 6.6537 6.6706 6.6547 6.6796 6.7133 6.7336 6.7153 6.689 6.6513 6.6808 6.6748 6.6359 6.5716 6.5149 6.4635 6.4084 6.364 6.3081 6.297 6.2664 6.2417 6.1952 6.1713 6.1429 6.1048 6.0732 6.0714 6.0835 6.1031 6.1637 6.2151 6.2561 6.2711
3.726 4.2889 4.9433 6.0038 5.5447 4.4812 3.308 1.8902 -0.6566 -0.3925 0.0755 0.6929 1.2438 1.726 2.1772 2.7223 3.2737 3.7354 4.1292 4.448 4.6614 4.8882 5.0614 5.2415 5.4113 5.5811 5.7414 5.8459 5.9726 6.122 6.2492 6.3617 6.443 6.5076 6.5673 6.5722 6.5939 6.5902 6.5996 6.619 6.5955 6.5743 6.5531 6.5233 6.5223 6.4879 6.4721 6.434 6.3835 6.3015 6.2238 6.176 6.1249 6.1075 6.0659 6.0726 6.0473 6.0147 5.9739 5.9366 5.9357 5.9366 5.93 5.9149 5.9578 6.0077 6.0541 6.0867
4.3969 4.1351 4.6427 5.0653 4.583 3.0644 2.0546 1.2631 -0.6161 -0.2565 0.086 0.7444 1.1637 1.6438 2.2308 2.7741 3.3663 3.8091 4.188 4.4107 4.636 4.7743 4.9463 5.1433 5.3128 5.4849 5.6319 5.7696 5.9454 6.0916 6.2101 6.3203 6.3767 6.4409 6.4666 6.4917 6.5131 6.5337 6.5263 6.5069 6.4828 6.4163 6.3775 6.3559 6.35 6.2969 6.2716 6.228 6.1825 6.1008 5.9919 5.9311 5.8935 5.9188 5.8738 5.883 5.8511 5.8141 5.7755 5.7966 5.81 5.7992 5.7717 5.7268 5.7408 5.7803 5.7958 5.8268
4.0594 3.4068 2.3972 2.82 2.6183 1.1397 0.8391 0.593 0.2805 0.2283 0.3872 0.8601 1.2749 1.7086 2.3004 2.8903 3.5141 3.8804 4.2334 4.4143 4.6094 4.7481 4.8812 5.0772 5.236 5.4158 5.5487 5.7321 5.9091 6.0361 6.1528 6.2073 6.2639 6.337 6.3545 6.4153 6.4174 6.4502 6.4173 6.3973 6.3442 6.2763 6.1979 6.1658 6.1734 6.1109 6.0626 5.9527 5.906 5.8501 5.7436 5.6928 5.6598 5.6991 5.6572 5.6567 5.6155 5.5802 5.6038 5.6254 5.6557 5.629 5.5857 5.5331 5.5401 5.5241 5.5398 5.5682
3.2466 2.4143 1.0383 0.9468 0.745 0.2034 -0.1652 0.1456 0.7233 0.5685 0.4662 0.9068 1.2333 1.6673 2.4225 3.0223 3.6415 3.9322 4.2782 4.412 4.603 4.7209 4.8541 5.0267 5.1792 5.371 5.5137 5.7052 5.8356 5.9555 6.0221 6.0767 6.1469 6.2283 6.2776 6.3443 6.3344 6.3668 6.3277 6.2546 6.2013 6.0986 6.0185 5.9544 5.9736 5.8935 5.7933 5.6702 5.6083 5.5524 5.5208 5.4817 5.4565 5.4624 5.4296 5.4311 5.3964 5.4086 5.4322 5.428 5.4595 5.401 5.3652 5.3266 5.3274 5.2989 5.3015 5.3297
2.6817 1.8539 0.4766 0.5287 1.1074 0.8503 -0.0334 -0.0451 0.7848 0.8108 0.5065 0.5596 0.9611 1.841 2.6338 3.1771 3.7398 4.0255 4.3147 4.4376 4.5835 4.7055 4.8361 5.0114 5.1723 5.3507 5.5072 5.6586 5.7564 5.8388 5.9041 5.9847 6.0525 6.1484 6.2234 6.2679 6.2607 6.2757 6.1799 6.0964 6.0147 5.9075 5.8022 5.7256 5.7199 5.5803 5.4714 5.3929 5.3395 5.317 5.2873 5.2739 5.2593 5.2403 5.2372 5.2488 5.2589 5.2681 5.2301 5.2145 5.1999 5.1343 5.1265 5.1047 5.1033 5.079 5.0836 5.1391
2.285 1.7034 0.8046 0.7448 1.1614 1.1991 0.5197 0.3664 1.1852 0.9852 -0.3943 -0.0832 1.0976 2.1155 2.9907 3.5808 3.8517 4.1899 4.3419 4.451 4.5995 4.7116 4.8288 4.9946 5.1733 5.3371 5.4771 5.565 5.6231 5.6909 5.7759 5.8836 5.9881 6.0742 6.1503 6.1556 6.1194 6.0674 5.981 5.8855 5.8085 5.726 5.6231 5.4889 5.4071 5.2411 5.1677 5.1056 5.0942 5.079 5.0609 5.0576 5.0439 5.0466 5.0743 5.1102 5.1187 5.082 5.0237 4.9501 4.9063 4.8842 4.8931 4.8803 4.8766 4.864 4.9044 4.969
1.6995 1.5976 1.4284 1.2396 1.1809 1.2542 1.1178 0.6616 1.7238 1.2489 -0.9544 -0.2201 1.4053 2.649 3.4689 3.931 3.99 4.2473 4.293 4.4271 4.5063 4.6522 4.8441 5.0191 5.1728 5.3117 5.4282 5.4782 5.5302 5.5993 5.6896 5.7923 5.8859 5.9569 6.0239 5.9848 5.9565 5.9008 5.8326 5.7186 5.6115 5.5169 5.3872 5.2522 5.108 4.9621 4.8886 4.8689 4.879 4.8677 4.8428 4.856 4.8512 4.8933 4.9373 4.9816 4.9667 4.9041 4.8157 4.7278 4.6681 4.6602 4.6498 4.6679 4.6842 4.6936 4.7478 4.7968
0.889 1.4804 1.931 1.5162 1.2731 1.471 1.1176 0.4022 1.7096 1.1508 -1.1434 0.0153 2.0903 3.419 3.9643 4.145 4.1259 4.2567 4.2586 4.3747 4.4791 4.6613 4.8505 5.0065 5.1721 5.273 5.3365 5.3944 5.425 5.4766 5.5629 5.6638 5.7548 5.8175 5.8484 5.7925 5.7528 5.6705 5.5925 5.5033 5.4283 5.3268 5.1352 4.9368 4.738 4.646 4.5836 4.6045 4.6572 4.6946 4.6944 4.7015 4.7229 4.791 4.8449 4.8607 4.8088 4.7284 4.6347 4.5552 4.5127 4.4908 4.4738 4.4573 4.4787 4.4956 4.5424 4.5859
1.1463 1.5401 1.8115 1.2773 1.1253 1.4164 0.8915 -0.2732 1.0847 0.9845 0.0711 1.4388 3.2918 4.232 4.1914 4.2107 4.0977 4.1507 4.2342 4.3294 4.483 4.6662 4.8432 4.9966 5.1384 5.1975 5.2456 5.2924 5.3405 5.3902 5.4651 5.5659 5.6586 5.7119 5.7013 5.6289 5.5493 5.475 5.3978 5.2924 5.1906 5.0388 4.8327 4.5771 4.3834 4.3416 4.3469 4.3925 4.4584 4.5056 4.5443 4.5582 4.625 4.6591 4.6863 4.676 4.6368 4.5676 4.4708 4.3819 4.3407 4.2842 4.2931 4.2883 4.322 4.3362 4.3346 4.3516
1.7534 1.814 1.5652 1.1278 1.2555 1.5269 0.036 -1.4921 -0.0532 1.4214 1.6339 3.1307 4.5719 4.4167 4.2723 4.1584 4.0835 4.1095 4.2467 4.3305 4.4971 4.6636 4.8323 4.9985 5.0291 5.0764 5.0956 5.1348 5.1933 5.2811 5.3653 5.4784 5.5691 5.5622 5.5025 5.4054 5.3397 5.2617 5.1703 5.0731 4.9484 4.7842 4.5384 4.2772 4.1212 4.1055 4.1277 4.2343 4.3032 4.3679 4.4114 4.4275 4.4767 4.4881 4.5072 4.4865 4.4419 4.3735 4.2886 4.2074 4.1677 4.1222 4.1086 4.1068 4.1231 4.1177 4.1206 4.1284
1.4617 1.7491 1.2491 0.8092 0.9618 1.2038 -0.1647 -1.5394 0.0673 2.3555 3.753 4.7866 4.5229 4.3519 4.1404 4.0163 4.0605 4.0773 4.1877 4.3078 4.4864 4.6337 4.7973 4.8765 4.9034 4.944 4.9292 5.0028 5.0773 5.1767 5.3044 5.4153 5.4209 5.3884 5.2721 5.1861 5.141 5.0581 4.9598 4.821 4.6914 4.4847 4.2503 4.025 3.8658 3.866 3.9617 4.0724 4.1667 4.2304 4.2541 4.269 4.2674 4.2763 4.2788 4.2489 4.2162 4.1834 4.1016 4.0358 3.9768 3.9419 3.909 3.9144 3.9176 3.9136 3.9257 3.9353
0.8913 1.3516 0.7074 0.2643 0.6649 0.907 0.3977 -0.7159 0.9009 3.1938 4.4112 4.5031 4.2532 4.1695 3.9659 3.9374 4.0018 4.0166 4.1603 4.3034 4.4547 4.6019 4.6762 4.753 4.7535 4.7863 4.7797 4.8918 4.9707 5.1072 5.2329 5.2599 5.2627 5.1446 5.0315 4.9754 4.9111 4.8144 4.6808 4.541 4.389 4.1855 4.0317 3.8327 3.6681 3.6691 3.7771 3.8997 3.9954 4.0425 4.0645 4.0678 4.0546 4.0525 4.0262 3.9956 3.986 3.9531 3.9214 3.8567 3.7827 3.7528 3.7141 3.7206 3.7197 3.7386 3.7503 3.7742
-0.0045 0.8 0.2519 0.1559 0.5566 1.1955 0.8789 0.2943 1.6646 3.4385 3.899 3.9739 3.9736 3.8897 3.8548 3.8608 3.9096 3.9666 4.1552 4.3301 4.4538 4.5169 4.5912 4.6065 4.6021 4.6326 4.6727 4.7868 4.8926 5.0321 5.0754 5.1024 4.9916 4.8552 4.7762 4.7249 4.6379 4.507 4.3687 4.2211 4.0689 3.9711 3.8315 3.6676 3.5195 3.5191 3.6075 3.7232 3.7871 3.834 3.8443 3.8494 3.8314 3.8091 3.7737 3.737 3.7295 3.7209 3.6892 3.6382 3.5688 3.5431 3.5167 3.5264 3.5223 3.5498 3.552 3.5759
-1.4835 -0.3549 0.6639 0.4396 0.3314 0.8645 1.6694 1.457 2.3808 3.4575 3.7769 3.8015 3.8078 3.7428 3.6971 3.7407 3.779 3.9732 4.1378 4.3151 4.3907 4.4396 4.4432 4.4451 4.4647 4.4998 4.5899 4.6928 4.8181 4.8814 4.9057 4.8279 4.6996 4.556 4.4871 4.4051 4.3196 4.1826 4.0635 3.924 3.842 3.758 3.651 3.4881 3.3713 3.3815 3.4573 3.5094 3.5628 3.5874 3.6019 3.5874 3.5713 3.5302 3.5099 3.4721 3.4694 3.4703 3.4413 3.3825 3.3325 3.3034 3.2967 3.3155 3.3114 3.3137 3.3098 3.3009
-2.1176 -1.5302 0.0242 0.7846 0.7149 1.0108 1.9825 2.4996 3.1935 3.8159 3.7528 3.6334 3.5754 3.5307 3.5491 3.5737 3.7056 4.0036 4.1613 4.2762 4.3045 4.2906 4.2911 4.3097 4.3402 4.3864 4.4809 4.5833 4.6525 4.6664 4.6275 4.5382 4.3922 4.2573 4.1629 4.0543 3.9563 3.8468 3.7636 3.6883 3.6183 3.548 3.4604 3.3497 3.2422 3.235 3.2509 3.2992 3.3271 3.3464 3.3212 3.2726 3.2711 3.2429 3.2377 3.2322 3.222 3.2043 3.1742 3.1268 3.0852 3.0682 3.0589 3.0536 3.0445 3.0305 2.9976 2.9771
-1.1999 -1.3624 -0.3406 0.8763 1.4942 1.7485 2.2868 3.2118 3.5814 3.4196 3.2315 3.2527 3.3153 3.3172 3.328 3.4898 3.7372 3.9754 4.1264 4.184 4.1258 4.1091 4.1233 4.1434 4.2003 4.2884 4.4172 4.4656 4.4613 4.3811 4.305 4.2047 4.0747 3.9554 3.8251 3.7607 3.6793 3.5991 3.5202 3.4505 3.3953 3.322 3.222 3.1422 3.0853 3.0678 3.0549 3.0799 3.0842 3.0538 3.0054 2.9666 2.9741 2.9623 2.9653 2.9603 2.9469 2.9115 2.8689 2.827 2.7848 2.7767 2.7853 2.7709 2.7576 2.716 2.686 2.6694
-0.2252 -0.2687 0.1402 0.842 1.3814 1.8617 2.4744 3.0034 2.8855 2.8402 2.894 3.0194 3.0341 3.0272 3.1511 3.4702 3.791 4.0285 4.0724 4.0247 3.9564 3.9152 3.9109 3.9656 4.0845 4.178 4.2612 4.2251 4.1544 4.0382 3.9419 3.8499 3.7517 3.6632 3.5569 3.4924 3.4023 3.3435 3.268 3.1972 3.1413 3.0937 3.0763 3.0736 2.9375 2.7944 2.7861 2.804 2.7961 2.7548 2.7155 2.708 2.7032 2.6856 2.6999 2.6523 2.6077 2.5534 2.5005 2.467 2.4539 2.4659 2.4567 2.4275 2.4176 2.3875 2.3618 2.3448
0.0307 0.3053 0.5053 0.5904 0.9287 1.3736 1.9536 2.0734 2.0847 2.2518 2.5382 2.7077 2.7806 2.8627 3.1776 3.5207 3.8113 4.0024 3.9735 3.8449 3.7473 3.6841 3.7028 3.8217 3.9513 4.0522 4.1047 4.0188 3.8693 3.7462 3.6561 3.5732 3.4875 3.4011 3.331 3.2361 3.1721 3.0916 3.0133 2.9638 2.9215 2.8971 2.8916 2.8256 2.6741 2.5395 2.5355 2.5169 2.4879 2.4613 2.4502 2.4425 2.4313 2.4019 2.3843 2.3217 2.2489 2.177 2.1282 2.1055 2.0996 2.1176 2.117 2.0936 2.0651 2.0438 2.0166 1.9922
-0.0409 0.153 0.286 0.4321 0.6575 1.0323 1.1432 1.27 1.5988 1.8301 2.26 2.5679 2.6259 2.7779 3.1203 3.5755 3.8873 3.9444 3.8357 3.6815 3.5132 3.4619 3.5464 3.6817 3.8235 3.9106 3.8396 3.7049 3.5825 3.5013 3.4037 3.3261 3.2511 3.1823 3.0953 2.95 2.8918 2.8305 2.7886 2.739 2.7068 2.6857 2.6674 2.5703 2.3851 2.2543 2.2622 2.2335 2.2009 2.1913 2.1875 2.1746 2.1541 2.1343 2.0548 1.9749 1.8748 1.8167 1.8038 1.7862 1.7826 1.7899 1.771 1.7441 1.7069 1.6689 1.632 1.5883
-0.1254 -0.0473 0.0639 0.1257 0.3421 0.5267 0.6553 0.8495 1.2178 1.5178 2.0563 2.2745 2.4701 2.6587 3.2458 3.6682 3.8491 3.8679 3.7077 3.4215 3.2633 3.2701 3.3611 3.5436 3.6766 3.6697 3.5624 3.4453 3.3163 3.2346 3.1525 3.0762 3.0207 2.9463 2.8523 2.7321 2.6508 2.5999 2.565 2.5281 2.4939 2.4416 2.4054 2.2973 2.1009 1.9988 2.0015 1.9648 1.9299 1.9197 1.9037 1.8917 1.8862 1.872 1.7377 1.5915 1.4989 1.4745 1.4627 1.4599 1.4582 1.4369 1.3901 1.3504 1.3192 1.2897 1.2307 1.1839
-0.1813 -0.1545 -0.1128 -0.0535 0.0075 0.1876 0.297 0.529 0.9536 1.312 1.7489 1.8271 2.0474 2.827 3.4133 3.6679 3.8152 3.7863 3.5048 3.174 3.0214 3.0314 3.207 3.3888 3.4111 3.3755 3.2628 3.1681 3.0498 2.9797 2.8987 2.8359 2.7797 2.7078 2.615 2.5315 2.4533 2.4008 2.3416 2.3049 2.2927 2.2439 2.185 2.0781 1.8748 1.7859 1.7562 1.681 1.6479 1.6385 1.6216 1.6158 1.625 1.5743 1.3703 1.2091 1.135 1.1123 1.1393 1.1373 1.0864 1.0461 0.9805 0.9477 0.9249 0.8891 0.8292 0.7286
-0.2064 -0.2489 -0.212 -0.2904 -0.2294 -0.1234 -0.0413 0.2699 0.7826 1.1824 1.5145 1.642 2.3155 3.0953 3.4278 3.6506 3.7547 3.6587 3.2682 2.8625 2.7269 2.8464 3.0223 3.1026 3.0984 3.0687 2.9754 2.8895 2.8178 2.7468 2.6657 2.6028 2.5548 2.4877 2.4226 2.3469 2.2811 2.2072 2.1369 2.0931 2.0809 2.0492 1.99 1.8688 1.6676 1.5567 1.4839 1.4141 1.4065 1.3974 1.3216 1.3075 1.28 1.1876 0.9702 0.817 0.7537 0.7845 0.8116 0.7798 0.7157 0.6595 0.5971 0.5738 0.5584 0.5098 0.3924 0.2921
-0.2886 -0.3232 -0.3839 -0.4849 -0.5203 -0.4061 -0.2456 0.0629 0.6533 1.1618 1.5824 2.1051 2.7585 3.1687 3.4245 3.5887 3.6616 3.4758 2.9591 2.5403 2.4619 2.5931 2.7305 2.797 2.7847 2.7702 2.7406 2.6781 2.6124 2.5056 2.4275 2.3873 2.3417 2.2991 2.2605 2.2038 2.1309 2.0367 1.9621 1.9187 1.8861 1.8454 1.7362 1.5998 1.4155 1.2884 1.2327 1.2303 1.2083 1.157 1.08 0.9091 0.8308 0.7062 0.5453 0.4124 0.4163 0.4477 0.4438 0.4057 0.3354 0.2916 0.2674 0.2438 0.2233 0.119 -0.0022 -0.094
-0.4961 -0.4749 -0.5172 -0.6753 -0.7513 -0.6805 -0.4708 -0.0601 0.6099 1.1657 1.6921 2.2779 2.732 3.0572 3.3317 3.5393 3.5252 3.3018 2.6662 2.201 2.1671 2.3044 2.4207 2.4904 2.5077 2.5043 2.517 2.4598 2.3529 2.2679 2.209 2.1745 2.1506 2.0978 2.0926 2.0699 2.0091 1.8976 1.8093 1.7465 1.7143 1.6419 1.5141 1.331 1.1535 1.0623 1.0162 1.0055 0.9564 0.9025 0.7601 0.539 0.3583 0.2143 0.0998 0.0362 0.0595 0.0749 0.0594 -0.008 -0.0902 -0.1079 -0.0612 -0.064 -0.1315 -0.2402 -0.3428 -0.4239
