public/U.asc
NCOLS 221
NROWS 89
XLLCORNER 89.8750000
YLLCORNER -11.1250000
CELLSIZE 0.2500000
NODATA_VALUE -999.0000000
[rows 25 to 49 of 89, columns 0 to 56 of 221]
6.2339511 6.1197395 5.4087429 4.8170252 4.5160990 4.0074091 3.7310405 3.5365298 3.7329893 4.3434176 4.9936051 4.9975033 4.4428167 3.8012044 3.7193463 3.7641735 3.4390795 2.9428632 2.1351960 1.6257263 -0.4035766 -2.1822376 -2.5416338 -1.4065340 -0.7103497 -0.2386908 0.6987801 1.0425844 1.2125375 1.1536776 0.8823763 0.2797442 -1.1282163 -3.1399782 -3.8509748 -3.2385976 -2.1350718 -1.6139081 -0.3384798 0.8714618 -0.3314634 -2.3677828 -2.9349430 -0.7914283 0.4282583 -0.2562318 0.8219571 1.0406353 0.8090937 0.2555766 -0.3002793 -0.0952441 0.2142577 0.3881088 1.1244426 2.4770513 3.1120367
5.9302964 5.4535699 4.6236844 4.0218320 3.7271423 3.6117613 3.3392906 3.3268170 3.6109817 4.3364010 4.9136958 4.9456596 4.5971780 3.9489391 3.4792292 3.5053458 3.3443580 2.8843932 2.1761250 1.6354713 -0.0699071 -1.7542362 -2.1783395 -2.3381579 -1.6575657 -0.9465690 -0.1233098 0.5923645 1.2008435 1.1431530 0.8492432 0.2965057 -0.4332014 -2.4145589 -4.1460538 -3.8521440 -2.0649076 -0.5657337 0.6138035 1.1665410 0.0337799 -1.7698283 -2.3354292 -1.2525626 -0.0063695 -0.0504170 1.1236629 1.1704390 0.4567138 -0.0882277 -0.2219294 -0.0219616 0.5101165 0.6636980 1.2105886 2.2299175 2.8228047
5.5003462 4.9869785 4.1403313 3.5482237 3.2983615 3.1822009 3.0679893 3.0941060 3.6998563 4.4225469 4.8560057 4.7807741 4.4985580 3.9391940 3.4683146 3.1225615 2.9720984 2.8578866 2.4801698 1.9313302 0.7467256 -0.8978440 -2.2855349 -2.4457428 -2.5081110 -1.7561853 -0.9418914 -0.1587816 0.6578510 1.1801840 0.8090937 0.4808815 -0.2484358 -1.5141190 -3.3785362 -3.5940959 -1.5951976 0.1667020 1.0913094 1.4261484 0.8609372 -0.9438404 -2.2356403 -1.6478207 -0.6585063 -0.3069060 0.9369484 1.0952075 0.3795332 0.2142577 0.0805560 0.0727600 0.6508346 0.8285837 1.3949643 2.1090794 2.4723737
5.1214600 4.5991268 3.8121190 3.2289770 2.9701493 2.8356681 2.7152195 3.0609729 3.8939772 4.5492325 4.7601147 4.6303110 4.3356214 3.7856126 3.1295779 2.7144399 2.5561810 2.5729423 2.5592992 2.2544751 1.1833025 0.0259839 -1.5328294 -2.5884099 -2.8753033 -2.7014523 -1.6029936 -0.6947578 -0.0913461 0.9887919 1.0815644 0.6566816 0.5670274 -0.4437260 -1.9214609 -2.1752212 -0.8296288 -0.0582130 0.7603686 0.8558698 0.4107173 -0.5559887 -1.6614637 -1.7873694 -1.0982015 -0.8615925 0.3873293 0.7163211 0.6781206 0.5709254 0.3502982 0.2738972 0.7864853 0.9926899 1.6136426 2.0572357 2.3854480
4.7632327 4.1352639 3.4683146 2.9362366 2.8461926 2.7202871 2.6606474 3.0348563 3.9251611 4.5094724 4.5718408 4.4057856 4.0951142 3.7037544 3.0239418 2.1383145 1.8217962 2.2630506 2.3336046 2.1402633 1.1224935 0.2711686 -0.1899657 -1.1890252 -2.1498840 -2.4165077 -1.8520763 -0.8861499 -0.4273544 0.5736541 0.9583874 1.1185955 1.1918781 0.9127807 -0.1782717 -0.5871727 -0.2932629 -0.5442947 0.1019951 0.3491288 -0.0952441 -1.0151740 -1.6400247 -1.5686911 -1.4213464 -1.2506137 -0.2320642 0.4730854 0.5853481 0.3686188 0.1070625 0.3265203 0.9478628 1.4105563 1.9968168 2.1546860 2.3421803
4.2015300 3.5240562 2.9440327 2.6957295 2.7740796 2.9311693 2.9896393 3.1401024 3.6176083 4.0553546 4.1383824 4.0268993 3.8167965 3.5248358 2.8941381 1.8237451 0.9907409 1.5228189 2.1636515 2.0357969 0.9205768 0.3004037 0.2699992 0.0883520 -0.4905021 -1.0806605 -1.5667421 -1.0670174 -0.8206634 -0.0862787 0.7591992 1.1969455 1.3353248 1.0846828 0.4664588 0.1511100 -0.5267536 -0.6740983 -0.2523338 -0.2016597 -0.5559887 -1.1839577 -1.7152562 -1.8645499 -1.9838289 -1.3227268 -0.7875303 0.1803450 0.6227689 0.0973175 -0.3743415 0.1589060 1.3688476 2.0736074 2.3718050 2.0794544 2.2895572
3.3950322 2.8442435 2.4349527 2.3530946 2.5472155 2.8578866 3.0492787 3.1256797 3.2437894 3.4956007 3.6234553 3.6129308 3.4975498 3.2445691 2.7066441 1.6822475 0.6196505 0.8168897 1.7699527 1.7835957 1.0503803 0.8695129 0.9919103 0.8219571 0.2329681 -0.4682835 -1.2864753 -1.6770557 -1.6790047 -0.8452209 0.1175871 0.5989911 0.7377602 0.8356001 0.9848939 0.5023205 0.0209165 -0.0129962 -0.0453496 -0.4643855 -1.0490867 -1.4790369 -1.5620645 -1.3609272 -1.2962203 -1.2358012 -1.4361588 -0.2846873 0.6286159 0.0131205 -0.5610561 0.0376779 1.0944279 1.8989767 2.0716584 1.8833847 1.9925289
2.5394194 2.0833526 1.9761573 1.9859023 2.2162745 2.4977107 2.6618168 2.7124910 2.8091617 2.9857414 3.1860988 3.2348239 3.1432209 2.9713187 2.4322243 1.3513066 0.2750666 0.1070625 0.9349993 1.1821331 1.1127485 0.9965879 1.1431530 0.9790468 0.2505092 -0.6850127 -1.0424601 -1.4349895 -1.9799309 -1.6197550 -0.8958949 -0.5824951 -0.4982981 0.1752776 1.1918781 0.9381177 0.3237917 0.6695451 0.4274787 -0.0726357 -0.9348750 -1.5004760 -1.5686911 -1.3020674 -1.0366130 -0.9360444 -1.0962526 -0.3080753 0.2388152 -0.1977617 -0.4534710 0.2095801 0.9700814 1.4273177 1.3910663 1.4241993 1.4319954
1.6841965 1.4596713 1.4994309 1.6686045 1.8346596 1.9243138 2.0513887 2.1558554 2.3480272 2.5885344 2.8610051 2.8851726 2.7662835 2.6080244 2.0775056 0.9907409 -0.1576122 -0.4682835 -0.1030401 0.2438826 0.4789324 0.7377602 0.8453452 0.8317022 0.2349171 -0.7388052 -1.1399102 -1.0541540 -1.8606519 -2.1939316 -2.0454175 -1.4427855 -0.9185034 -0.2659769 1.0874115 1.3072591 0.7135925 1.0492110 0.8063651 -0.0083185 -0.7571259 -1.1391306 -1.2053968 -1.3394883 -1.1664166 -0.6167976 -0.2749423 0.4048703 -0.3365308 -0.7115192 -0.2102354 0.6188709 0.6987801 0.9802163 0.8461248 0.8492432 0.9400668
0.8024671 0.8519718 1.1412040 1.2807527 1.2047415 1.2690586 1.3099877 1.4889063 2.0435927 2.3893461 2.5452664 2.4310548 2.2993021 2.0299497 1.5006003 0.6695451 -0.3833069 -0.9457895 -0.9945145 -0.7945467 -0.4378790 -0.0862787 0.2103597 0.2251721 0.2575256 -0.4975185 -1.3772990 -1.3313024 -1.8431108 -2.2964492 -2.1646965 -1.3811970 -0.8588639 -0.5384476 0.5962625 1.3785926 1.1010545 1.4479772 1.2916671 0.3697882 -0.5824951 -0.9602121 -0.9672285 -1.0670174 -0.8452209 -0.1704757 0.3128773 0.7514032 -0.1802207 -1.0775421 -0.5532600 0.5268779 0.5787215 0.6488856 0.6929331 0.5619600 0.6976107
-0.0180636 0.3179447 0.6352426 0.6508346 0.5670274 0.3561452 0.3959049 1.1217140 1.8861133 2.3121655 2.1753454 1.9106708 1.5602398 1.2916671 0.9057643 0.0875724 -0.6779963 -1.2338523 -1.7211032 -1.7320176 -1.4084830 -0.9282484 -0.6214752 -0.4378790 -0.4222870 -0.7582952 -1.6295000 -1.7632017 -1.9428998 -2.0434685 -1.3071347 -0.5462436 -0.2320642 0.0883520 0.2965057 0.9155093 1.1872004 1.8276432 1.7340909 0.8102631 -0.1673573 -0.7610239 -0.7719383 -0.6039342 -0.3049569 0.3627718 0.5385720 0.6878657 -0.6012055 -1.4993066 -0.8382044 0.2349171 0.4528158 0.4185133 0.4839998 0.4302073 0.6040585
-0.7200948 -0.3345818 -0.0168942 -0.0453496 -0.3127530 -0.5240250 -0.0874481 0.7338622 1.7855446 2.2377136 1.8510312 1.0004859 0.6208199 0.3658902 -0.0200126 -0.4351504 -1.1371816 -1.6224836 -2.2005582 -2.2933307 -2.1136327 -1.6372961 -1.2884244 -1.1059976 -1.1703147 -1.4486325 -1.7975042 -1.9721349 -2.0142334 -1.3862643 -0.5259740 0.3226223 0.6371915 0.4469688 0.4528158 0.2984547 0.8161101 1.8560987 2.1071303 1.2289091 0.4613914 -0.1334446 -0.4651651 -0.2698749 0.0630150 0.6430386 0.4606118 -0.1018707 -1.2681547 -1.4174484 -0.7571259 0.0708110 0.3959049 0.1421446 0.0883520 0.2115291 0.4703568
-1.3071347 -1.0572724 -0.7699893 -0.8510678 -1.1165222 -0.9465690 -0.4409974 0.5054389 1.5797299 2.1266203 1.4772123 0.3031323 -0.5123309 -0.7290602 -0.8101388 -1.1878557 -1.6400247 -2.0695851 -2.4340489 -2.5198050 -2.4153385 -2.1978295 -1.8462293 -1.7554057 -1.8392129 -1.8255699 -1.9046993 -2.0688055 -1.8053002 -1.0210210 0.0053245 0.8511922 1.3092082 1.1158669 0.2259517 -0.3977295 0.1409752 1.8140001 2.2544751 1.9067727 1.2760750 0.7416582 0.3120977 0.0201369 0.2816932 0.5015409 0.0267635 -0.7103497 -1.0631195 -1.1040486 -0.6713697 -0.0110472 -0.0706867 -0.4027970 -0.3431574 -0.1057687 0.1097911
-1.8150452 -1.6965457 -1.6029936 -1.5959772 -1.4876125 -1.1929232 -0.4573691 0.4789324 1.2936161 1.9554979 1.2172152 -0.5084330 -1.3772990 -1.4946289 -1.5082719 -1.7035621 -2.0539930 -2.4671819 -2.6605232 -2.6546762 -2.5716486 -2.4309304 -2.3607664 -2.3042452 -2.1908131 -2.1011591 -1.9234098 -2.0777709 -1.5542685 -0.6861821 0.1226545 0.6383610 1.1957761 1.1517286 -0.0200126 -0.9945145 -0.3872049 1.7360400 2.7370484 2.5016088 1.9859023 1.4253688 0.8874437 0.4664588 0.4664588 0.2162067 -0.4293034 -0.7037231 -0.9068094 -0.5844441 -0.1997107 -0.1693063 -0.6000361 -1.3040164 -0.9387730 -0.6850127 -0.7914283
-2.3256843 -2.3120413 -2.2387586 -1.9409509 -1.6088406 -1.0697461 -0.2971609 0.4469688 1.0433639 1.4721448 0.6812391 -1.0451887 -1.8863788 -1.9651185 -1.9690166 -2.1732721 -2.3970177 -2.6850805 -2.8382723 -2.8000717 -2.7408221 -2.7544651 -2.7727857 -2.6928766 -2.4566574 -2.0208600 -1.5951976 -1.5959772 -1.4388875 -0.6799453 -0.2398602 0.0306615 0.6293955 0.7584196 -0.3930519 -1.1995498 -0.2523338 1.4799409 2.2045805 1.8697417 1.4409608 1.0991055 0.6898147 0.4528158 0.5101165 -0.0952441 -1.0892361 -0.8951153 -0.4624365 -0.0219616 0.4165643 0.4302073 -0.4222870 -1.6965457 -2.0091660 -2.0481460 -2.2750101
-2.6733866 -2.7837002 -2.6195941 -2.1732721 -1.6899191 -1.1048281 -0.4799775 -0.0044205 0.4847794 0.7291846 -0.1049891 -1.4381078 -2.1331227 -2.2913818 -2.3568683 -2.5042131 -2.6223226 -2.7454996 -2.8947933 -2.9427388 -2.9778209 -3.0885243 -3.1380291 -2.9856169 -2.5073314 -1.7047316 -1.1703147 -1.2486646 -1.3098633 -0.9348750 -0.8140368 -0.5014166 0.1900901 0.3842109 -0.4448954 -0.7875303 -0.2612993 0.7642666 1.2347561 1.1840820 0.9361688 0.6753920 0.4750344 0.5553334 0.6364120 -0.1194118 -1.2408687 -1.0237496 -0.5111616 -0.0823807 0.4212419 0.7085251 0.0973175 -1.5776565 -2.5404644 -2.6753356 -2.9302652
-2.9536533 -3.0932019 -2.8304763 -2.4133894 -2.0267069 -1.5238640 -1.0600010 -0.6791657 -0.2398602 -0.0960237 -0.9126564 -1.8208922 -2.3997464 -2.6519475 -2.7622612 -2.7447200 -2.7034011 -2.7330260 -2.9068773 -3.1333516 -3.3383868 -3.4136183 -3.3765872 -3.1469946 -2.3833747 -1.3472842 -0.7278908 -0.9574835 -1.0709155 -1.0989811 -1.0670174 -0.5532600 0.1772266 0.2984547 -0.4351504 -1.2319032 -1.4595469 -0.2846873 0.6048381 0.8005181 0.9408464 0.7408786 0.6110749 0.8461248 0.5553334 -0.4098133 -1.2669853 -1.0424601 -0.6331692 -0.3638169 0.1031645 0.4146153 -0.2242682 -1.5355580 -2.4925189 -3.0893040 -3.3111007
-3.1898725 -3.1879237 -2.9750924 -2.7875981 -2.4983659 -2.2103033 -1.7542362 -1.2708833 -0.8775743 -1.0023105 -1.6392450 -2.3880525 -2.7564142 -2.9856169 -3.0756609 -3.0386298 -2.7786326 -2.7330260 -2.9174018 -3.3208456 -3.5913675 -3.7340345 -3.6751745 -3.1399782 -2.2270646 -0.9808715 -0.4526914 -0.8265104 -0.9898369 -0.8608128 -0.7142478 -0.3392594 -0.1673573 -0.2301152 -0.6078321 -1.3215574 -2.1459861 -1.2112437 -0.0562640 0.7669953 1.0297209 1.0679214 0.9400668 0.7007291 0.1511100 -0.7886997 -1.2287848 -1.0529847 -0.7777853 -0.5014166 -0.2944323 -0.1283772 -0.2219294 -0.8756253 -1.7483892 -3.3052535 -3.5317278
-3.4319389 -3.2729001 -3.1216574 -3.0425279 -3.1430964 -2.8655584 -2.4009159 -1.9222404 -1.6899191 -1.8922257 -2.3627152 -2.8452888 -3.2424958 -3.4272614 -3.5013235 -3.2561388 -2.9622290 -2.7552447 -2.9037588 -3.3567073 -3.7348142 -3.8490257 -3.6938851 -3.1536212 -2.0649076 -0.8460004 -0.3930519 -0.6577266 -0.9192830 -0.8775743 -0.7212642 -0.5630051 -0.4215074 -0.6585063 -0.9925655 -1.0755931 -1.8228412 -1.5647931 -0.7427033 0.2154271 1.1069015 1.1852515 1.0796155 0.8090937 0.0170185 -0.8803029 -1.2603587 -1.2280052 -0.9761939 -0.8089694 -0.6090016 -0.5345496 -0.6312202 -0.7543973 -1.4790369 -3.1851950 -3.6412618
-3.6233311 -3.4038732 -3.2845941 -3.4058223 -3.5052214 -3.3469622 -2.8881667 -2.5962059 -2.4387264 -2.6078999 -2.9856169 -3.3999753 -3.6771235 -3.8607197 -3.7757432 -3.5258808 -3.1197085 -2.8530848 -2.8655584 -3.2171586 -3.5952654 -3.6685479 -3.5071704 -3.0374606 -1.9690166 -1.0062085 -0.5376680 -0.5435150 -0.9212320 -0.9925655 -1.0529847 -0.9134360 -0.9321464 -1.1469266 -0.8374248 -0.6947578 -0.9418914 -1.5355580 -0.9730755 0.1674816 1.0601255 1.4312158 1.3267492 0.8823763 0.1012155 -0.7727179 -1.2778997 -1.3687233 -1.3313024 -1.1644677 -0.9348750 -0.8518475 -0.8647109 -1.0081576 -1.5757076 -2.9770412 -3.4876804
-3.7632694 -3.5979941 -3.5512178 -3.6712766 -3.6938851 -3.5356259 -3.2600367 -3.0113437 -3.0043273 -3.1458251 -3.4985948 -3.8041985 -4.0474343 -4.1226659 -4.0384688 -3.7476776 -3.3450134 -2.9906843 -2.8830993 -3.0666955 -3.2261240 -3.2962883 -3.1321821 -2.6624720 -2.1311736 -1.2642567 -0.7017741 -0.5435150 -0.9126564 -1.1157426 -1.2299542 -1.5620645 -1.5803851 -0.9224014 -0.4515221 -0.1478672 -0.0562640 -1.0210210 -1.4466834 -0.2386908 0.8356001 1.2066905 1.3559842 0.9030357 0.2926077 -0.6760473 -1.2513933 -1.4907310 -1.4837146 -1.4544795 -1.2248868 -1.0553235 -1.0334946 -1.1165222 -1.5269824 -2.5813935 -3.0725424
-3.9254267 -3.8462970 -3.8385010 -3.9359512 -3.9390697 -3.6907666 -3.4260919 -3.3072026 -3.3676217 -3.5531669 -3.8326540 -4.0988879 -4.2415552 -4.3082108 -4.2006259 -3.9055469 -3.5726569 -3.2241750 -3.0101745 -2.9692454 -2.9817190 -2.9244182 -2.7817512 -2.5003150 -2.0064373 -1.4661735 -0.9192830 -0.6682513 -0.8725069 -1.0892361 -1.3285738 -1.7288992 -1.8403822 -1.1360122 0.0209165 0.3023527 0.5171329 -0.6908597 -1.7027826 -1.4322609 -0.3108039 0.7993487 1.0075023 0.9603364 0.4528158 -0.6799453 -1.1761618 -1.3967890 -1.4809859 -1.4653939 -1.4505814 -1.3196084 -1.1578411 -1.1352326 -1.2572403 -1.8072492 -2.3580377
-4.1819158 -4.1577477 -4.1947789 -4.2844334 -4.1760688 -3.8930733 -3.6038411 -3.5071704 -3.5785038 -3.7991312 -4.0618567 -4.2668920 -4.3834424 -4.3892894 -4.2895007 -4.0708222 -3.7613206 -3.4869008 -3.2144301 -3.0620179 -2.9146733 -2.8257987 -2.6546762 -2.3911707 -2.0239785 -1.5569971 -1.1859068 -0.9516364 -1.0042596 -1.1488756 -1.3519619 -1.4798166 -1.6119590 -1.3188288 -0.1899657 0.4606118 0.6547326 -0.7064518 -2.1128531 -2.2777388 -1.7651507 -0.3879845 0.9408464 1.0453130 0.3304183 -0.6273222 -1.0412906 -1.2513933 -1.3656049 -1.4057543 -1.4361588 -1.3492333 -1.1909741 -1.0327150 -1.0490867 -1.1360122 -1.6731577
-4.5190930 -4.5385833 -4.5639205 -4.5393629 -4.3951368 -4.1129208 -3.8346031 -3.7258487 -3.7730145 -3.9456964 -4.2103710 -4.4146266 -4.5307875 -4.5198727 -4.3970857 -4.1772380 -3.9223082 -3.7316957 -3.5434220 -3.3169477 -3.0951509 -2.8947933 -2.6858602 -2.4133894 -2.0843976 -1.7593037 -1.4837146 -1.2915428 -1.2190398 -1.1703147 -1.0911851 -1.0826095 -1.2455462 -1.1839577 -0.4526914 0.4878978 0.4274787 -1.0054289 -2.1604087 -3.1703825 -3.0698140 -1.6478207 0.0415760 0.4645098 -0.0940747 -0.0679581 -0.8354758 -1.4264138 -1.5238640 -1.4895616 -1.4026359 -1.2623076 -1.1352326 -0.9087583 -0.7310092 -0.3645965 -0.8042918
-4.8636770 -4.9163003 -4.9201984 -4.8001394 -4.5990024 -4.3432932 -4.0903125 -3.9215286 -3.9340024 -4.0883632 -4.3082108 -4.4937563 -4.6145945 -4.6126456 -4.4976544 -4.3199053 -4.1441050 -3.9788294 -3.8431787 -3.6771235 -3.4143977 -3.1294534 -2.8402212 -2.5424135 -2.2594180 -2.0239785 -1.8411618 -1.6536677 -1.5110006 -1.2591892 -1.0171230 -0.9075890 -1.0276476 -1.1948721 -1.0140046 -0.2141334 0.2438826 -1.1410797 -2.1635270 -3.4525983 -4.2797556 -3.7632694 -1.9974719 -0.3069060 0.2466112 0.4742548 -0.4507425 -1.5628440 -1.7300687 -1.6263816 -1.4653939 -1.3414372 -1.3500129 -1.0982015 -0.7953264 -0.4554200 -0.5345496
