public/U.asc
NCOLS 221
NROWS 89
XLLCORNER 89.8750000
YLLCORNER -11.1250000
CELLSIZE 0.2500000
NODATA_VALUE -999.0000000
[rows 0 to 24 of 89, columns 57 to 113 of 221]
2.8079922 2.6625965 2.0248823 2.1176550 2.1823618 2.3616703 2.2552547 2.0463214 1.9664123 2.0170863 2.2466791 2.6664944 2.7682326 2.3628397 2.7027459 3.2523651 4.9125266 6.7056103 8.1166887 8.4437323 8.9937410 9.0112820 9.0670233 9.0631256 9.0865135 9.3558655 9.3628826 9.1383572 9.0892420 9.1976070 9.2895994 9.3246813 9.2018948 9.1371880 9.0962582 9.1157484 9.1870823 9.1558981 8.9789286 8.7692156 8.5072699 8.2367477 7.9069762 7.6165748 7.5093794 7.3998456 7.4840426 7.5592742 7.4840426 7.2622457 7.0895638 6.9975710 6.9987402 7.3823042 7.5990338 7.4996343 7.2298923
3.2515855 3.3073270 3.3502049 3.7555978 3.4359612 3.2710755 2.9046628 2.9097302 2.8668520 3.0543463 3.2523651 3.6764684 3.7809348 3.8101699 4.0346951 5.5853229 7.5132775 9.1664228 9.6061182 9.7328033 9.4583836 9.3597641 9.3324776 9.1714897 8.9489136 9.1956577 9.2681608 9.4166746 9.3952360 9.2946672 9.3129873 9.0377884 8.9469652 8.7162027 8.5602827 8.5443001 8.5797720 8.5961437 8.5396233 8.3521290 8.0270348 7.7007718 7.3402061 7.1745405 7.1655750 7.2408066 7.3316302 7.3238344 7.2096229 7.0837169 7.0092649 6.9020700 7.0798192 7.4555869 7.5121078 7.4166069 7.0630574
6.9059677 5.5884414 5.2504840 4.9020019 4.4946604 3.9165857 3.4811780 3.5365298 3.1763539 3.4612982 4.1227903 4.6002960 5.1253576 5.5163279 6.6401238 8.2094612 9.2720585 9.8910627 9.9740896 9.5523252 9.1909800 9.0826159 9.0709209 9.0112820 8.7809095 9.0346699 9.2311296 9.4829407 9.4186239 9.2319088 8.8128729 8.3314695 8.0395088 7.8001709 7.8110852 7.8921638 7.9888344 8.0055962 7.9194498 7.6812816 7.3834739 7.1909122 7.0377207 7.0396695 7.0572104 7.0735822 7.0650067 7.0462961 7.0279756 6.9819789 6.9515743 6.9028492 7.2174187 7.2712111 7.3051238 7.1959796 6.8229403
10.0434742 8.0796576 6.3002176 5.0746837 4.0268993 3.5131419 3.6686723 3.8226435 3.4546716 3.7770369 5.3101234 6.9671664 7.7428703 7.9116540 8.5084391 8.9173403 9.5016518 9.8462353 9.5453091 9.0884628 8.8491249 8.7789602 8.7056780 8.7356930 8.8959007 9.2358074 9.3675594 9.3258514 8.9750309 8.4371052 7.9007397 7.5015836 7.3421550 7.3600860 7.4536381 7.5210733 7.7565131 7.6890779 7.3452735 7.0104346 6.8276176 6.8073483 6.9449477 6.9554725 6.9391007 6.9215598 6.9137640 6.8962226 6.8802409 6.8942738 6.9468970 7.0248570 7.0657864 7.1460853 7.1293235 6.8385324 6.2721519
9.1169176 8.7633686 7.9673953 6.2526617 4.3227582 3.9886987 4.1742439 4.0327463 4.1450090 4.7632327 6.3403668 7.7280579 8.2620850 8.4573746 8.7201004 9.0697517 9.5710354 9.6256075 9.3882189 9.0592270 8.8284655 8.7064581 8.7076273 8.9036970 9.1527796 9.1586266 9.0717010 8.8444471 8.3961763 7.8863168 7.5257511 7.4010148 7.3569674 7.3550181 7.3901005 7.3815246 7.5082102 7.3639836 7.0104346 6.7173042 6.5797048 6.6295991 6.8588018 6.9995198 7.0151119 6.9780807 6.9449477 6.9001207 6.8970022 6.9546928 6.8775125 6.8627000 6.8463283 7.0053668 6.7087288 6.2113428 5.5143790
8.0765400 8.0348310 6.9254580 4.7573857 3.3112249 3.5415971 3.7485814 3.8510990 4.8150764 6.0749125 7.2758889 8.0823870 8.3014545 8.7614193 9.0522108 9.2475014 9.2611446 9.0697517 8.9555407 8.8237877 8.6491566 8.6401911 8.7407598 8.9633360 9.0533800 8.9255257 8.8608189 8.7037287 8.3423834 7.9007397 7.7085676 7.6306076 7.5269203 7.5238023 7.5276999 7.3304610 7.3355284 7.1667447 6.8923249 6.7399125 6.6529870 6.7535558 6.8482771 6.9320846 7.0201793 7.0221286 7.0357714 6.9936728 6.9196110 6.8872576 6.6888490 6.7679782 6.7360148 6.6140070 6.1302643 5.3003783 4.4623065
7.5132775 7.4477911 5.8589630 3.6215065 3.1089184 3.3053780 3.7828839 4.6283617 5.9704461 7.3815246 8.2944384 8.3287411 8.6265488 8.9703531 9.0631256 9.0171289 8.8386002 8.7056780 8.6090078 8.5786028 8.7466068 8.7992306 8.8167715 8.9255257 8.8842068 8.7134743 8.6861877 8.6312265 8.3061323 7.9876652 7.8013401 7.7331252 7.6430812 7.5904579 7.4146581 7.1733713 7.0560412 6.9118147 6.7874684 6.6615629 6.6646810 6.7835703 6.9098659 6.9644380 7.0552616 7.1020374 7.0837169 6.9274068 6.8139749 6.6635118 6.5687900 6.4994054 6.2807274 6.1645665 5.1998096 4.1344843 3.1888275
6.9546928 7.1285439 5.5533590 3.6343699 3.1849296 4.0670485 5.3568997 6.4214454 7.2934299 8.4604931 8.5423517 8.5778236 8.7516747 8.9847755 9.0728703 8.9263058 8.7134743 8.5583334 8.4928465 8.6842394 8.8502941 8.7758427 8.7485561 8.6557837 8.5895176 8.4261913 8.3657722 8.2983360 8.2008858 7.8948922 7.6851797 7.5651212 7.4037433 7.3031750 7.0981398 6.8736143 6.7738252 6.7621312 6.6440215 6.6479197 6.6752057 6.8307362 6.9769115 6.9987402 6.9788604 6.9956222 6.8092971 6.6510382 6.5524187 6.4331393 6.3333507 6.1969204 5.8796225 5.1187310 4.0553546 3.0980039 2.2447300
6.4674420 6.6420727 5.6566563 3.7614448 4.1126552 5.5003462 7.2447047 7.6185236 8.0667944 8.2846928 8.3825331 8.6031609 8.7738934 8.8705635 9.0093327 8.7926035 8.7064581 8.5326061 8.5064898 8.6900864 8.6811209 8.6051092 8.4144964 8.2476625 8.1498222 8.0044260 7.9369907 7.8570819 7.7623601 7.6500974 7.4380460 7.2143002 7.0540919 6.9009004 6.6900182 6.5072017 6.5231833 6.5169468 6.6315479 6.6373949 6.7562842 6.9164925 6.9632688 6.9352031 6.8404813 6.6771545 6.4916096 6.3618059 6.2663050 6.2171898 6.0990801 5.8815713 4.9468288 3.8951466 3.2476873 2.3355536 3.1860988
6.2592883 6.4545784 5.4683824 5.1998096 5.6586051 6.9332538 8.0250854 7.7701564 7.7982221 7.9681749 8.1704817 8.3911085 8.5092182 8.6031609 8.7232189 8.5856190 8.6382427 8.4780340 8.4495792 8.3521290 8.3431635 8.2262230 8.0309334 7.8266773 7.6968737 7.5475798 7.4762464 7.4076414 7.4088111 7.2965484 7.1176295 6.8903756 6.7309475 6.5407243 6.3314013 6.2994380 6.3314013 6.4421048 6.5563164 6.7106776 6.8443794 6.9067473 6.8404813 6.7886376 6.5726881 6.3832450 6.1754813 6.0452876 6.0893350 6.0550327 5.7973742 5.4274535 4.0081887 3.1666088 2.9155772 3.5326319 4.3843465
6.1088252 6.3844142 6.6128378 6.7543354 7.1226969 7.7319555 7.6879082 7.4828730 7.5807128 7.6224217 7.8266773 8.0745907 8.1821756 8.2242737 8.2827444 8.4293089 8.4468508 8.2718296 8.2262230 8.0699129 7.8629289 7.7506661 7.6255403 7.4762464 7.3226647 7.1881838 7.0864458 7.0579901 7.0572104 6.9917240 6.8346343 6.6116681 6.4136496 6.2066650 6.1041474 6.1930223 6.3138604 6.4144292 6.6237521 6.8178730 6.8151441 6.7952642 6.6568851 6.5660615 6.3189278 6.0601001 5.8796225 5.8757243 5.9525151 5.8102379 5.4644847 4.9125266 3.7953575 3.5513422 3.9633617 4.4330716 4.1372128
6.0562019 6.2261553 6.5110998 6.7106776 6.9235086 7.1156807 7.2731600 7.2220964 7.1753201 7.3023953 7.6578937 7.9381604 8.0718622 8.0406780 7.9642768 8.1626854 7.9927325 8.0211878 8.0055962 7.7389722 7.4809241 7.3355284 7.2330108 7.1312728 6.9515743 6.9293561 6.8307362 6.8073483 6.7738252 6.7095084 6.6140070 6.3773980 6.1158419 5.9801908 6.0211201 6.2093940 6.3356891 6.4752378 6.7024918 6.8560734 6.8190422 6.6237521 6.4623747 6.2799478 6.0815392 5.8609118 5.7155161 5.7007036 5.6617236 5.4742293 5.0758533 4.6743584 4.1937342 3.9146366 3.6176083 3.2554834 2.9654717
6.0893350 6.1645665 6.1821079 6.2074447 6.3571281 6.6654606 6.9164925 6.7847400 6.8178730 7.0209589 7.4134884 7.8617592 8.1361790 8.1615162 8.1147404 8.1342297 7.9681749 7.9798689 7.7467680 7.4232335 7.1585588 7.0182304 6.9800301 6.8736143 6.7095084 6.6635118 6.5309796 6.5005751 6.5110998 6.5590453 6.5200648 6.2896929 6.0269670 5.9225006 6.1754813 6.3325710 6.4117002 6.5797048 6.7777233 6.8549037 6.6576648 6.2857947 6.1431279 6.0160527 5.8538957 5.7018733 5.5638838 5.4301820 5.2750411 5.0345345 4.7016444 4.3617382 3.6636050 2.8754277 2.3460782 2.1636515 2.1889884
5.6617236 5.6519785 5.6313190 5.6293702 5.8149157 6.2417474 6.6245317 6.5913987 6.6771545 6.9164925 7.3784065 7.8442183 8.0862846 8.1634655 8.2301207 8.0726414 7.8142037 7.5417328 7.2065043 6.9507947 6.8151441 6.7621312 6.7516069 6.6116681 6.5181160 6.3773980 6.2709823 6.2261553 6.2916417 6.4175472 6.4175472 6.2269349 6.0152731 6.0094261 6.3715510 6.5395551 6.5913987 6.6537666 6.6440215 6.5298100 6.2456455 5.9486170 5.8815713 5.7505984 5.6929078 5.6285906 5.4995666 5.2220283 4.8891387 4.6236844 4.4369698 4.0561342 3.1315267 2.2076988 1.7633260 1.6479450 1.7457850
4.6108208 4.6575971 4.7378960 4.8333969 5.0220604 5.6773157 6.2553902 6.3824654 6.6342769 6.8782921 7.2104025 7.5970845 7.8414898 7.9732423 8.1198072 8.1069441 7.7572927 7.1940308 6.8393121 6.5707393 6.4693909 6.5052528 6.4721193 6.3384180 6.2729316 6.0905046 5.9996810 5.9743438 6.1333828 6.2787786 6.2838459 6.1372805 6.0257978 6.1743116 6.4304109 6.5376062 6.5913987 6.5368266 6.4389863 6.1754813 5.8636403 5.7260408 5.5981860 5.3951001 5.3951001 5.3697629 5.2399592 4.9312372 4.5886021 4.4096837 4.3695340 3.9173653 2.7670631 1.7886630 1.2386541 1.1595246 1.3852192
3.3903546 3.5033967 3.8510990 4.0015621 4.3305540 5.1089864 5.8745551 6.2261553 6.4877114 6.6927466 7.0104346 7.3823042 7.6645203 7.8512349 8.0133915 8.0706930 7.4762464 6.9137640 6.5641127 6.3345199 6.2924213 6.3072338 6.1782098 6.0834880 6.0511346 5.9458885 5.8745551 5.8862491 6.0367122 6.1743116 6.1821079 6.1871753 6.1138926 6.2935910 6.3590775 6.4124799 6.3294525 6.2612371 6.1205192 5.8804021 5.6293702 5.4282331 5.1538134 4.9565740 4.8852406 4.9721661 4.8267703 4.6108208 4.3648567 4.2954721 3.9906478 3.7368875 2.4380713 1.4019808 0.9361688 0.8971887 1.2690586
2.0143578 2.6871538 3.0484993 3.3923035 3.7895105 4.8131275 5.5981860 5.9712257 6.2203083 6.4292417 6.7406921 7.1156807 7.5035324 7.7358537 7.8941131 7.7787318 7.0767007 6.6568851 6.3434854 6.2425270 6.1969204 6.0990801 5.9899359 5.9166536 5.8940449 5.8874183 5.8901472 5.8823509 5.8979430 6.0316448 6.1411786 6.1587195 6.1762609 6.3013868 6.2807274 6.2339511 6.1216888 5.9622602 5.8188133 5.6040330 5.3697629 4.9908767 4.5737896 4.2993698 4.2611694 4.4381390 4.2397304 4.0237808 4.1851583 4.1508560 3.1373739 3.0278399 2.1215529 1.2768546 0.7837567 0.7747912 1.1490000
1.2585341 1.9391261 2.6871538 3.0434318 3.7926290 4.8100090 5.2867355 5.5338693 5.8511667 6.2183595 6.5337081 7.0501943 7.4438930 7.5456309 7.5257511 7.0240774 6.4818645 6.2300534 6.2448659 6.1450768 6.0503550 5.9517355 5.8823509 5.8141360 5.8862491 5.9458885 5.9330249 5.8168645 5.8266096 5.8480487 5.9575825 6.0827084 6.1626177 6.2066650 6.1676850 6.0932331 5.8835206 5.7213631 5.5163279 5.3023276 4.9409819 4.4681535 3.9271102 3.5571892 3.6546395 4.0237808 3.8265417 3.7318201 3.9029427 3.4831271 2.2115970 1.9515998 1.5473764 1.0121800 0.8862743 0.8714618 1.1782351
0.8383288 1.8042551 2.5522828 3.2816000 4.1196718 4.7651820 4.9585233 5.1206803 5.5650530 5.9762931 6.5415039 7.0579901 7.2595172 7.3246140 6.7504373 6.0807595 5.8344054 5.9684968 6.0257978 6.0601001 5.9653788 5.9380927 5.8726058 5.8589630 5.9829197 6.0152731 5.9135351 5.7661905 5.5931187 5.6149478 5.7311082 5.8675385 6.0289159 6.0569816 6.0452876 5.8998919 5.6839423 5.4340801 5.2290449 4.8248215 4.4303432 3.8335581 3.3081067 2.9409142 3.3092759 3.6332004 3.2679570 3.1744049 2.9974353 2.4984903 1.4507058 1.0425844 0.8141611 0.9225258 0.8558698 0.9303218 1.2367052
1.0394660 2.0248823 2.8189065 3.5766792 4.1859379 4.6244640 4.7320490 4.9008327 5.3257155 5.8394728 6.4331393 6.8061790 6.9652176 6.5894494 5.8550649 5.3471546 5.4644847 5.6761465 5.8655896 5.9127555 6.0172219 6.0269670 6.0257978 6.0452876 6.0445080 5.9996810 5.8667588 5.6488605 5.4672132 5.3756099 5.4761786 5.6383357 5.8090682 5.9174333 5.9536843 5.7583942 5.4898214 5.2115040 4.6872215 4.2416797 3.7505305 3.1517963 2.7191176 2.4743226 2.8968668 2.8746481 2.5160313 1.9703102 1.6849761 1.4908553 0.9088827 0.6605796 0.6605796 0.8258551 0.8636658 0.9342198 1.1353570
1.5103453 2.3873971 3.1323063 3.6273534 4.2015300 4.4576292 4.5609264 4.7250323 5.0279078 5.5728493 6.0406103 6.3376384 6.2456455 5.7533269 5.1234088 4.8404136 5.1039190 5.4048452 5.6527581 5.8402524 6.0024095 6.1587195 6.1899037 6.1439071 5.9918852 5.9310760 5.8219318 5.6371665 5.4898214 5.3588486 5.2855659 5.4255042 5.6527581 5.8714366 5.9419904 5.6858912 5.3296137 4.7495899 4.1157737 3.5033967 3.0453808 2.5717728 2.1196039 2.0455418 2.3530946 2.2018518 1.4721448 0.7806383 0.6617490 0.7533522 0.7903833 0.6870860 0.9459138 0.9291524 0.9213563 0.8480738 0.9868429
2.1870394 3.0005538 3.4340122 3.6830950 3.9886987 4.2299852 4.3991590 4.4966092 4.7035933 5.0376525 5.3607974 5.5346489 5.4418759 5.0719552 4.6607151 4.6957974 4.9624209 5.2380104 5.5190568 5.7416329 5.9388719 6.1255865 6.2327819 6.1400094 5.8336258 5.7525473 5.7915273 5.9135351 5.7513781 5.3912020 5.1772013 5.3346810 5.7455311 5.9848685 5.8297276 5.6313190 5.1908445 4.4712720 3.6059144 2.9019341 2.5055068 2.1227224 1.8658437 2.0560665 2.0182557 1.3910663 0.5210309 -0.0161146 0.1928187 0.9439648 1.0659724 0.7436072 1.0055532 0.8765292 0.4995919 0.3179447 0.4937449
2.6392083 3.2437894 3.4889741 3.5661547 3.6312513 3.8218639 4.0120869 4.1255188 4.2779307 4.4701028 4.6813745 4.8014336 4.7799945 4.6587663 4.4946604 4.4584088 4.6969666 5.0434995 5.3268847 5.5288014 5.7018733 5.9408212 6.2269349 6.1938019 5.7455311 5.5892210 5.7895784 6.0523043 5.9497867 5.5962372 5.3148012 5.3229866 5.6792645 5.7669702 5.4613662 5.3070049 4.8754954 4.0650997 3.1510170 2.4840677 2.1383145 1.8939093 1.8958583 1.8023062 1.3092082 0.6500550 0.0992665 -0.0492476 0.3089793 0.9977573 1.1626431 1.0211453 0.9946389 0.7135925 0.2427132 0.0688620 0.3502982
3.0465503 3.1634905 3.2484670 3.2055891 3.2956328 3.4889741 3.6070838 3.6928399 3.7427344 3.8939772 4.0748448 4.2338834 4.3570604 4.3278255 4.2681861 4.3122334 4.5854836 4.8696485 5.1039190 5.2212486 5.3607974 5.6586051 6.0484061 6.1832771 5.7985439 5.6032538 5.7689190 5.9614806 5.8881979 5.6215744 5.4586377 5.4703317 5.4410963 5.1986403 4.9476085 4.8891387 4.4985580 3.6616559 2.8001962 2.3043694 1.9749879 1.6440470 1.5999995 1.2955651 0.7182701 0.2563562 0.1900901 0.2095801 0.4496974 0.8480738 0.9544894 1.0581764 0.8656148 0.5405210 0.1608550 -0.0570436 0.1998351
3.0407033 3.1061897 3.0668199 3.0473299 3.0972242 3.1958439 3.2242994 3.2632794 3.3053780 3.4624677 3.6538599 3.8510990 3.9762251 4.0436606 4.0140357 4.0853691 4.3032680 4.5718408 4.7445226 4.8548360 5.0493464 5.4017267 5.9010615 6.0523043 5.8538957 5.6344376 5.6878405 5.7299390 5.6839423 5.6079311 5.4878726 5.3159704 5.0894961 4.5562487 4.3531623 4.3208089 4.0736752 3.3404601 2.7584875 2.2993021 1.7594280 1.3591026 1.1470510 0.7416582 0.4925755 0.4925755 0.3081997 0.0747090 0.2162067 0.2867607 0.3464002 0.5904155 0.3619922 0.3386042 0.7018985 0.5062185 0.5475374
