public/U.asc
NCOLS 221
NROWS 89
XLLCORNER 89.875
YLLCORNER -11.125
CELLSIZE 0.25
NODATA_VALUE -999
[rows 30 to 59 of 89, columns 68 to 135 of 221]
3.1833 3.2993 3.3816 3.5045 3.6541 3.6997 4.1821 4.3697 4.4724 4.5773 4.6376 4.5893 4.4588 4.2336 4.1001 3.8991 3.7866 3.6938 3.5325 3.3208 3.1737 3.2201 3.1677 2.9353 2.1453 1.2846 0.6033 0.3571 0.3484 0.2392 -0.0119 -0.1104 -0.0077 0.3378 0.8774 0.8428 0.3031 -0.0521 0.1649 0.4148 0.4168 0.1296 -0.2588 -0.4251 -0.3224 -0.076 0.2888 0.7702 1.1312 1.4247 1.5091 1.5089 1.4177 1.2916 1.0431 0.6386 0.2125 -0.1499 -0.3695 -0.5583 -0.6719 -0.6801 -0.6388 -0.6392 -0.6059 -0.4792 -0.4718 -0.4915
2.8202 2.9391 3.0595 3.1608 3.3442 3.6698 3.8435 3.9819 4.1473 4.2369 4.2196 4.1135 3.8476 3.6055 3.4323 3.2992 3.3596 3.2933 3.0646 2.8127 2.6216 2.4614 2.2754 1.8017 1.0023 0.5796 0.2684 0.1215 0.1468 0.2668 0.0725 -0.1647 -0.0533 0.2877 0.7418 0.7227 0.3293 0.0455 0.1076 0.2716 0.3636 0.1363 -0.3345 -0.6354 -0.5409 -0.2514 0.125 0.6234 1.0646 1.3972 1.4739 1.4129 1.3571 1.2541 1.0394 0.7209 0.4161 0.1147 -0.2338 -0.5839 -0.6454 -0.661 -0.7224 -0.7881 -0.7275 -0.5455 -0.4538 -0.3971
2.4584 2.609 2.7431 2.8826 3.072 3.3475 3.5609 3.7474 3.869 3.9005 3.7169 3.4322 3.102 2.9342 2.8066 2.8442 2.928 2.6889 2.2866 1.8226 1.552 1.0807 0.8175 0.6534 0.4863 0.2599 0.1806 0.0292 -0.0311 0.0528 0.1389 -0.0634 0.0027 0.3207 0.7097 0.6845 0.3693 0.1387 0.098 0.2992 0.2898 0.3338 0.0247 -0.5445 -0.7894 -0.5054 0.0062 0.5079 1.0214 1.3301 1.4305 1.4089 1.3366 1.3103 1.1761 0.9312 0.5889 0.2437 -0.1525 -0.507 -0.6482 -0.7214 -0.8306 -0.9204 -0.9114 -0.7293 -0.4888 -0.4117
2.106 2.2589 2.4048 2.5563 2.8094 3.0521 3.2862 3.4949 3.6256 3.5252 3.2559 2.6415 2.3099 2.2439 2.2738 2.3934 2.3936 1.9629 1.0948 0.6126 0.6347 0.4688 0.4107 0.484 0.3307 0.1058 0.054 0.0562 0.0326 -0.0709 0.017 0.0432 0.1723 0.5216 0.7146 0.6597 0.4047 0.2031 0.1807 0.2651 0.1494 0.3532 0.2251 -0.3922 -0.7373 -0.5753 -0.0408 0.4449 0.9268 1.237 1.4163 1.4601 1.4631 1.4249 1.3135 1.0717 0.7893 0.4298 -0.1097 -0.5598 -0.7822 -0.8648 -0.9388 -0.9678 -0.9436 -0.7751 -0.6087 -0.5571
1.7038 1.9123 2.0633 2.2559 2.5249 2.7779 3.0603 3.2765 3.3963 3.2735 2.4857 1.7832 1.4483 1.6427 1.7937 2.0343 2.09 1.4393 0.5726 0.2482 0.3077 0.3634 0.4257 0.4604 0.3774 0.0912 -0.0522 -0.0468 -0.0418 -0.0978 0.0251 0.0926 0.3044 0.5477 0.7182 0.673 0.4231 0.2351 0.2319 0.1961 0.1844 0.347 0.4042 -0.1351 -0.6183 -0.4752 -0.0574 0.4078 0.7781 1.1819 1.522 1.6282 1.6099 1.4997 1.3819 1.1433 0.8575 0.5284 0.0223 -0.4757 -0.8889 -1.017 -1.0712 -1.0833 -0.8623 -0.6892 -0.5406 -0.5192
1.3546 1.5609 1.7327 1.9571 2.2297 2.5273 2.8163 3.0557 3.1637 2.6473 1.8476 0.8838 0.4633 1.1074 1.4945 1.7549 1.9637 1.3215 0.7589 0.4586 0.3099 0.3005 0.4164 0.4452 0.3698 0.0299 -0.114 -0.1354 -0.1355 -0.0702 0.0144 0.1522 0.4048 0.5936 0.6085 0.5659 0.3948 0.2083 0.2634 0.2245 0.3123 0.343 0.4152 0.0911 -0.3813 -0.2796 0.14 0.3163 0.6018 1.1645 1.7013 1.8369 1.7376 1.6211 1.4145 1.1784 0.9762 0.7022 0.3345 -0.1903 -0.7435 -1.1239 -1.159 -0.8385 -0.6152 -0.5406 -0.3864 -0.4394
1.0292 1.2407 1.411 1.6771 1.9483 2.2694 2.5379 2.7774 2.54 2.0235 1.1598 0.2031 -0.2046 0.6307 1.23 1.5997 1.8172 1.3516 0.7887 0.6544 0.4399 0.2635 0.2971 0.3706 0.3617 0.0331 -0.1757 -0.1968 -0.0928 0.0086 0.0302 0.2348 0.4225 0.6612 0.6512 0.4485 0.2775 0.2354 0.3062 0.3146 0.3495 0.285 0.3922 0.1118 0.0267 0.1283 0.2474 0.3368 0.505 1.2273 1.8399 2.0807 1.9574 1.6915 1.485 1.2991 1.1146 0.8803 0.5588 0.0712 -0.7224 -1.1277 -0.8815 -0.5611 -0.358 -0.3336 -0.3338 -0.4575
0.7088 0.9248 1.1453 1.4068 1.6738 1.9712 2.2168 2.3585 2.0221 1.2371 0.3369 -0.0763 -0.397 0.2232 0.8922 1.2786 1.3764 0.9637 0.753 0.6251 0.5173 0.3318 0.1897 0.258 0.314 0.1179 -0.1342 -0.2521 -0.1232 0.0846 0.1055 0.259 0.303 0.6426 0.65 0.3945 0.2102 0.2102 0.3105 0.3665 0.2331 0.096 0.2914 0.4499 0.417 0.6102 0.7171 0.3418 0.4118 1.3693 2.0192 2.28 2.19 1.9048 1.5482 1.3487 1.0179 0.7114 0.3897 -0.0337 -0.8856 -1.2315 -0.9133 -0.0763 0.172 -0.2669 -0.4149 -0.5868
0.3808 0.6191 0.8491 1.1018 1.3783 1.6249 1.8082 1.8488 1.2744 0.5402 0.2199 0.0537 -0.2897 -0.0783 0.3364 0.5934 0.6989 0.7883 0.7015 0.5053 0.4019 0.3594 0.2508 0.2915 0.2008 0.1112 0.0155 -0.1326 -0.1663 0.0216 0.135 0.1605 0.1691 0.5088 0.5244 0.3022 0.1272 0.1533 0.2 0.2846 0.0481 -0.0901 0.1569 0.5611 0.8401 1.0265 1.0621 0.6652 0.5181 1.5334 2.1909 2.4615 2.3711 1.8693 1.4719 1.1612 0.7123 0.149 -0.0353 -0.5212 -1.2507 -1.3906 -0.6408 0.3309 0.5557 -0.1325 -0.6308 -0.8057
0.0836 0.3257 0.5643 0.8359 1.0852 1.2069 1.3604 1.4404 0.9388 0.3744 0.1215 -0.0681 -0.3273 -0.0204 0.1332 0.3995 0.5888 0.6784 0.6227 0.4518 0.3862 0.5175 0.4972 0.2292 0.0591 -0.0243 -0.0396 0.0293 0.0507 -0.0776 -0.0501 0.0313 0.0727 0.2927 0.292 0.0965 0.043 0.1718 0.2163 0.0671 -0.1285 -0.17 -0.0528 0.2788 0.6496 0.9876 1.0891 0.9268 0.9957 1.8662 2.1103 2.4688 2.2878 1.5972 1.123 0.8554 0.2527 -0.4102 -0.2156 -0.4877 -1.0904 -1.1852 -0.4814 0.4932 0.8086 0.084 -0.4088 -0.9258
-0.2516 -0.0145 0.2528 0.4715 0.7096 0.8391 0.9323 1.0605 0.6598 0.1039 -0.2108 -0.3014 -0.1283 0.4769 0.2072 0.2875 0.3536 0.4627 0.5914 0.6292 0.6056 0.5977 0.471 0.1919 0.0334 -0.0536 -0.1179 -0.1335 -0.1012 -0.0798 -0.1026 -0.0348 -0.0319 0.0018 0.099 0.0478 0.0322 0.1761 0.3227 0.1366 -0.2563 -0.3455 -0.211 0.0441 0.3162 0.5775 0.8788 1.354 1.8521 1.9592 1.7331 2.2215 1.855 1.0584 0.6787 0.5354 0.0182 -0.2718 -0.0394 -0.0376 -0.2678 -0.2197 0.3178 0.7885 0.5424 -0.376 -0.5503 -0.2918
-0.566 -0.3266 -0.0852 0.126 0.3342 0.4108 0.5321 0.6854 0.3927 -0.063 -0.2036 -0.209 -0.0052 0.5698 0.4047 0.322 0.3163 0.3502 0.4694 0.5842 0.6076 0.4848 0.442 0.2759 0.0331 -0.0655 -0.2977 -0.3858 -0.2537 -0.1209 -0.2223 -0.1669 -0.1579 -0.1087 0.0867 0.0758 0.0195 0.1348 0.287 0.1839 -0.1183 -0.2107 -0.0608 0.266 0.6515 0.9595 1.3489 1.8498 1.9701 1.4575 1.1875 1.535 0.8432 -0.2348 -0.4084 -0.0907 -0.6273 -0.8232 -0.7479 -0.7819 -0.7666 -0.7687 -0.6543 -0.4816 -0.3813 -0.2943 -0.1918 -0.3138
-0.8986 -0.6669 -0.5027 -0.283 -0.1133 -0.0201 0.0935 0.2408 0.0522 -0.0515 -0.1158 -0.0665 0.1722 0.5579 0.5899 0.5011 0.4627 0.45 0.4017 0.4628 0.4624 0.3366 0.2196 0.083 0.0013 -0.0699 -0.3004 -0.3635 -0.2015 -0.078 0.0002 0.0568 0.0501 -0.031 -0.0019 0.0287 0.0566 0.1759 0.2045 0.0606 0.0722 0.0314 0.1259 0.5953 0.9894 1.2414 1.556 1.5607 1.353 0.7398 0.2371 0.5131 -0.272 -1.6534 -2.6181 -2.582 -3.4112 -3.7354 -3.6154 -3.8291 -3.9389 -4.0282 -4.1725 -4.2323 -3.786 -1.48 -0.6522 -0.3617
-1.2378 -1.0414 -0.8746 -0.6982 -0.5986 -0.4795 -0.3573 -0.161 -0.0284 -0.1141 -0.0839 -0.0387 0.1416 0.4498 0.6324 0.5639 0.5254 0.4292 0.3669 0.2713 0.2711 -0.0419 -0.2797 -0.4383 -0.2668 -0.3391 -0.2063 -0.2355 -0.1641 -0.0899 0.2704 0.3108 0.2338 0.0279 -0.0012 0.0041 0.0287 0.0106 0.0266 0.0206 0.1325 0.1182 0.2321 0.74 1.1819 1.426 1.475 1.4294 0.867 0.1578 -0.4335 -0.3988 -1.0732 -2.4346 -3.438 -4.3146 -5.1317 -5.2097 -5.0705 -5.0824 -5.0412 -5.23 -5.9918 -6.14 -6.1401 -4.3541 -2.2464 -0.2533
-1.607 -1.4149 -1.3001 -1.1254 -1.076 -1.0092 -0.8961 -0.4696 -0.3234 -0.1381 -0.1032 -0.0514 0.0753 0.3342 0.5505 0.5117 0.4071 0.299 0.1264 0.0412 -0.0321 -0.4199 -0.8032 -0.8871 -0.6041 -0.4044 -0.2703 -0.0962 -0.0311 -0.0436 0.2913 0.3025 0.2168 0.0278 -0.0103 -0.0149 -0.1105 -0.1311 -0.1276 -0.104 0.1026 0.2811 0.4379 0.9337 1.3786 1.5796 1.6272 1.3947 0.8263 -0.1184 -0.4975 -0.7943 -2.0122 -3.2482 -3.2125 -4.0507 -4.3851 -4.2319 -4.2514 -4.0094 -3.9922 -4.6031 -5.3418 -5.5423 -5.4935 -4.8887 -2.8672 0.0187
-1.9419 -1.842 -1.7435 -1.5963 -1.5625 -1.5408 -1.5363 -1.0692 -0.5854 -0.4001 -0.133 -0.0694 -0.0319 0.1052 0.2364 0.3068 0.1749 -0.0209 -0.1936 -0.2582 -0.3429 -0.5943 -0.8914 -0.9084 -0.6493 -0.3935 -0.0938 0.0804 0.1336 0.1216 0.2559 0.2452 0.1494 -0.0039 -0.0163 -0.0805 -0.1763 -0.317 -0.3277 -0.1998 0.0727 0.4136 0.8273 1.2848 1.6048 1.8058 1.7749 1.5111 0.9777 -0.1507 -0.3197 -0.8724 -2.2249 -2.4375 -2.402 -2.2482 -2.4684 -2.2197 -2.4955 -2.4462 -2.6991 -3.3868 -3.8945 -4.095 -3.4324 -2.9725 -1.887 0.4626
-2.359 -2.2672 -2.1858 -2.068 -2.059 -2.05 -2.1215 -1.983 -1.4162 -0.6989 -0.3441 -0.1932 -0.1258 -0.3176 -0.308 -0.1635 -0.2175 -0.3842 -0.3661 -0.4288 -0.5635 -0.646 -0.5887 -0.5187 -0.4102 -0.134 0.1782 0.3242 0.3829 0.4102 0.4897 0.3482 0.1352 -0.0151 -0.0134 -0.0938 -0.3594 -0.5256 -0.4224 -0.1948 0.122 0.5214 1.0913 1.5817 1.8736 2.0147 1.9846 1.6994 1.1874 -0.0175 -0.2034 -0.5271 -1.3102 -1.4586 -1.1244 -0.852 -0.9002 -0.7648 -1.3392 -1.8415 -2.0822 -2.3094 -2.774 -2.4766 -1.623 -1.0896 -0.3911 1.1038
-2.6818 -2.7592 -2.6948 -2.5351 -2.5042 -2.557 -2.6128 -2.6453 -2.4271 -1.6653 -0.8027 -0.4007 -0.3519 -0.7582 -0.8048 -0.6556 -0.6961 -0.5728 -0.491 -0.6552 -0.8409 -0.7478 -0.5784 -0.2522 0.1404 0.4801 0.6987 0.8 0.7109 0.7097 0.7696 0.4046 0.1523 0.0986 0.0234 -0.252 -0.5518 -0.6653 -0.516 -0.0511 0.3084 0.7391 1.3581 1.7793 1.9743 2.1233 2.1681 1.896 1.2844 0.2291 -0.081 -0.0729 -0.4239 -0.5948 -0.3734 -0.1893 -0.293 -0.3717 -0.944 -1.4926 -1.0714 -1.2494 -1.6034 -1.3823 -0.4166 0.5201 0.8832 1.7345
-2.9982 -3.1132 -3.1524 -3.0586 -2.9098 -2.9716 -3.0105 -3.0695 -3.0811 -2.7618 -1.9294 -1.0477 -0.7448 -1.0804 -1.1432 -1.083 -1.0177 -0.7286 -0.6154 -0.9394 -1.2489 -1.2048 -0.9671 -0.0519 0.5115 0.9232 1.0514 0.8932 0.6437 0.5369 0.5474 0.3897 0.3154 0.2315 -0.0018 -0.4315 -0.8445 -0.8608 -0.3676 0.1724 0.5837 1.0637 1.5016 1.7065 1.9581 2.1867 2.215 1.9395 1.2366 0.2023 0.2238 0.031 -0.1527 -0.3664 -0.5205 -0.5227 -0.3398 0.1414 -0.1475 -0.8032 -0.6775 -0.6706 -0.2094 0.4309 0.8663 1.2214 1.6594 1.623
-3.3401 -3.5455 -3.6157 -3.5759 -3.4664 -3.3732 -3.4509 -3.5386 -3.4948 -3.421 -3.159 -2.6191 -1.9571 -1.235 -1.2631 -1.5642 -1.4622 -0.9256 -0.5886 -0.7389 -0.8744 -0.791 -0.6528 -0.0967 0.2051 0.4723 0.6282 0.5348 0.3767 0.4451 0.4976 0.3834 0.448 0.2406 -0.0744 -0.6364 -1.0444 -0.8722 -0.2213 0.3075 0.6776 0.9712 1.2784 1.5832 1.8992 2.1399 2.2071 1.9542 1.0481 -0.2686 0.1803 0.067 0.0264 -0.3003 -0.6276 -0.6852 -0.5011 0.0064 -0.3585 -0.8415 -0.8594 -0.2099 1.454 2.2411 1.5225 0.8047 0.8712 1.0021
-3.4778 -3.7898 -4.0517 -4.0561 -3.9321 -3.8583 -3.8741 -3.9833 -3.9253 -3.7944 -3.6719 -3.373 -2.7608 -1.8507 -1.7128 -1.7681 -1.542 -1.0178 -0.7523 -0.8184 -0.8215 -0.7303 -0.4884 -0.1533 0.012 0.2442 0.3617 0.2866 0.2183 0.3203 0.4322 0.3508 0.3452 0.1007 -0.2466 -0.6419 -0.9469 -0.8062 -0.2725 -0.1283 0.2763 0.6455 1.0419 1.4673 1.8199 2.0695 2.1067 1.6895 0.7091 -0.3171 0.1719 0.1368 0.0666 -0.3474 -0.6212 -0.5551 -0.4714 -0.5614 -0.8434 -0.7072 -0.215 0.0534 0.6451 1.0928 0.9713 0.9512 0.7003 0.371
-3.525 -3.8137 -4.3559 -4.5433 -4.3881 -4.3155 -4.3403 -4.3549 -4.3481 -4.2799 -4.1496 -3.8334 -3.154 -2.1994 -2.0957 -2.0211 -1.7309 -1.3162 -1.2505 -1.3115 -1.2086 -1.0572 -0.6291 -0.3972 -0.2052 0.0506 0.1542 0.1783 0.1782 0.2033 0.2239 0.2899 0.3007 0.0424 -0.3871 -0.7445 -0.879 -0.7302 -0.5219 -0.3971 0.0001 0.4585 0.8694 1.359 1.6692 1.8198 1.833 1.4008 0.5488 -0.1463 0.1265 0.2311 -0.0956 -0.5993 -0.9732 -0.9265 -0.8351 -0.653 -0.9853 -1.4629 -0.9118 -0.9672 -0.6757 -0.4438 -0.2905 0.0842 -0.0599 -0.3195
-3.4446 -3.7411 -4.2899 -4.8679 -4.8322 -4.6694 -4.744 -4.7983 -4.8926 -4.8359 -4.6806 -4.315 -3.4875 -2.4375 -2.3464 -2.0351 -1.7633 -1.6238 -1.5656 -1.5642 -1.4683 -1.4055 -1.0696 -0.7843 -0.4131 -0.1625 -0.1353 -0.1293 -0.0861 0.0158 0.0496 0.1252 0.2203 0.1575 -0.3468 -0.8019 -0.9067 -0.5452 -0.359 -0.3642 -0.0867 0.2902 0.6453 1.0919 1.3445 1.4865 1.4082 1.0138 0.4652 -0.024 0.2541 0.273 -0.189 -0.7604 -1.1255 -1.2985 -1.2168 -0.6758 -0.9841 -1.7848 -1.9098 -1.8847 -1.7795 -1.5245 -1.079 -0.8157 -0.8569 -0.9973
-3.2566 -3.5187 -4.1236 -4.78 -5.0167 -5.0008 -5.0483 -5.2316 -5.3359 -5.4489 -5.2967 -4.9219 -4.0724 -2.5589 -2.3491 -2.1057 -1.8843 -1.726 -1.5682 -1.5652 -1.7331 -1.6911 -1.4926 -1.1495 -0.7603 -0.5158 -0.4764 -0.4136 -0.3595 -0.2683 -0.2595 -0.1751 0.0035 0.0406 -0.4398 -0.8828 -0.5192 -0.1307 -0.1226 -0.2049 -0.1737 0.0456 0.3643 0.5884 0.8402 0.9039 0.8232 0.8522 0.3806 -0.0255 0.2765 0.098 -0.497 -1.0056 -0.8256 -0.9931 -0.8139 -0.5073 -0.7976 -1.6109 -2.227 -2.2884 -2.1791 -2.0592 -1.6569 -1.516 -1.5359 -1.5532
-3.421 -3.241 -3.7727 -3.9747 -4.3682 -4.9793 -5.3215 -5.5255 -5.778 -5.8908 -5.974 -5.6446 -4.7396 -2.9046 -2.5255 -2.3017 -2.0818 -1.9854 -1.8276 -1.7828 -2.0077 -1.9986 -1.8082 -1.5036 -1.1341 -0.8942 -0.8452 -0.7824 -0.5986 -0.5265 -0.6131 -0.6045 -0.4923 -0.4186 -0.8524 -0.608 -0.2446 -0.0934 -0.1554 -0.2882 -0.3546 -0.2706 -0.1395 0.0395 0.1216 0.1852 0.7111 0.8865 0.3308 -0.0764 0.1396 -0.5607 -1.0303 -0.3677 -0.188 0.0558 0.3461 -0.269 -0.7472 -1.3159 -2.5978 -2.604 -2.3592 -2.2392 -2.1953 -2.0682 -2.0754 -2.0476
-3.8953 -3.7825 -3.3477 -3.0155 -3.3878 -5.023 -5.5085 -5.7272 -5.9984 -6.2333 -6.3398 -6.4746 -5.6665 -4.2871 -3.6801 -3.2408 -2.6117 -2.5976 -2.8851 -2.7975 -2.2907 -2.3126 -2.0923 -1.905 -1.5428 -1.3398 -1.3335 -1.1467 -0.9471 -0.8035 -0.8922 -1.1321 -1.2317 -1.2038 -1.0983 -0.7081 -0.0291 0.0596 -0.5947 -0.6564 -0.6428 -0.7414 -0.7253 -0.7637 -0.7038 -0.5796 0.004 0.8555 0.194 -0.0568 -0.129 -1.0183 -0.9937 -0.2364 0.3172 0.5785 0.952 -0.0619 -1.0524 -1.0197 -2.3678 -2.7122 -2.4298 -2.5035 -2.4307 -2.5426 -2.5759 -2.5405
-4.2361 -4.5627 -4.1079 -3.5213 -3.7317 -5.3503 -5.7022 -5.8905 -6.0816 -6.3192 -6.5173 -6.7334 -6.8889 -6.6294 -5.9605 -4.7417 -4.0988 -4.6946 -5.1691 -4.0539 -2.7797 -2.606 -2.4349 -2.3226 -2.7456 -2.5182 -1.8935 -1.5961 -1.3757 -1.296 -1.3439 -1.6669 -1.8599 -2.0821 -1.6688 -0.5304 0.195 -0.2824 -1.1944 -1.1497 -1.0749 -1.2386 -1.424 -1.5404 -1.7298 -1.6274 -1.1513 -0.1646 0.0015 0.0678 -0.2902 -1.0128 -0.9286 -0.7257 -0.1389 1.1184 1.804 -0.0803 -1.3367 -0.7827 -0.9877 -1.6387 -2.281 -2.5659 -2.8809 -3.1033 -3.0392 -2.9935
-4.5126 -4.8453 -5.2018 -5.2894 -5.3484 -5.7165 -5.8854 -6.0855 -6.2241 -6.3316 -6.481 -6.6461 -6.8159 -7.079 -7.1177 -6.7961 -6.5857 -6.7589 -6.4793 -5.0413 -3.5488 -3.2953 -3.2648 -3.4572 -4.7409 -4.7998 -3.6788 -2.7592 -2.4106 -2.1766 -2.0495 -2.019 -2.5301 -2.6477 -1.9305 -0.5922 -0.1124 -0.9189 -1.8195 -1.5655 -1.6261 -1.806 -1.9926 -2.3063 -2.6117 -2.9559 -2.8642 -2.1436 -1.1079 -0.0213 -0.2719 -0.7735 -0.9446 -1.085 -0.3358 1.3558 2.0495 -0.1704 -1.2272 -0.7907 -0.5586 -0.9954 -1.8245 -2.5673 -3.1063 -3.5128 -3.4146 -3.5022
-4.3868 -4.7166 -5.1068 -5.382 -5.6444 -5.7398 -6.0145 -6.1974 -6.3016 -6.3805 -6.4883 -6.605 -6.6936 -6.7856 -6.8458 -7.1498 -7.2078 -7.0881 -7.0247 -6.7658 -6.4165 -6.2743 -5.9271 -5.6668 -6.0497 -6.1386 -5.8278 -5.5523 -5.2637 -4.6973 -3.8556 -2.3591 -2.4614 -2.2752 -1.8233 -1.1246 -0.8218 -1.4433 -2.5014 -2.3446 -2.2073 -2.2423 -2.4149 -2.7463 -3.1367 -3.7442 -4.3836 -4.6686 -3.8562 -2.3951 -1.2796 -1.1103 -1.3346 -1.22 -0.5948 0.3823 0.851 -0.3569 -1.1964 -1.0358 -0.6759 -1.1322 -2.1217 -2.9554 -3.5219 -4.029 -3.9645 -3.6302
-4.0911 -4.4996 -4.8695 -5.1078 -5.4495 -5.6384 -5.9494 -6.1262 -6.3338 -6.4658 -6.5362 -6.6173 -6.6728 -6.8654 -6.9839 -6.9317 -7.0586 -7.1827 -7.1778 -7.0939 -6.9128 -6.6504 -6.5091 -6.3761 -6.1202 -6.1971 -6.3941 -6.3383 -6.2525 -5.9649 -4.8641 -2.7367 -2.5483 -2.6005 -2.9773 -3.2099 -2.6704 -2.3219 -3.1541 -3.2399 -2.9726 -2.7809 -2.7189 -2.8717 -3.2649 -3.821 -4.3624 -4.7206 -4.8891 -4.7315 -4.1273 -3.5328 -3.0762 -2.3141 -1.9239 -1.6683 -1.0364 -0.4863 -0.902 -1.0024 -0.7524 -1.1058 -2.2573 -3.2033 -3.5076 -3.6682 -4.3459 -4.0867
