public/U.asc
NCOLS 221
NROWS 89
XLLCORNER 89.875
YLLCORNER -11.125
CELLSIZE 0.25
NODATA_VALUE -999
[rows 30 to 59 of 89, columns 0 to 67 of 221]
0.6286 0.5791 0.5732 0.589 0.5577 0.4863 0.4018 0.3194 0.2837 0.396 0.2448 -0.0339 -0.3473 -0.6397 -0.9711 -1.4045 -1.8323 -2.0413 -2.2421 -2.3205 -2.4262 -2.4088 -2.0851 -1.7108 -1.4286 -1.047 -0.4453 -0.2187 -0.0897 0.3298 0.6402 0.6918 0.7083 0.6517 0.3534 0.147 0.5519 0.7107 0.6617 0.5305 0.3295 0.1487 0.0227 -0.0327 -0.0971 -0.0314 0.1452 0.6885 0.8479 0.5411 0.3414 0.674 1.2109 1.188 0.983 1.0467 1.1818 1.5313 1.7904 1.9399 2.0787 2.212 2.3845 2.4446 2.7103 2.8573 2.985 3.0746
0.0892 0.1668 0.1444 0.0937 0.032 -0.0367 -0.0894 -0.1143 -0.1404 -0.0665 -0.1962 -0.4408 -0.7006 -0.9938 -1.3126 -1.6965 -2.103 -2.3508 -2.4803 -2.5895 -2.6221 -2.3588 -1.9104 -1.5786 -1.4294 -1.2206 -0.8136 -0.6041 -0.4739 0.0724 0.4326 0.546 0.5592 0.6613 0.7777 0.1961 0.1432 0.4509 0.4341 0.4726 0.4346 0.3898 0.3575 0.3442 0.2676 0.0907 -0.1472 0.3093 0.7288 0.5361 0.3359 0.6145 0.9809 0.8052 0.4422 0.7226 0.9081 1.2123 1.3689 1.4276 1.5507 1.7297 1.9334 2.1324 2.2507 2.4616 2.582 2.6959
-0.3697 -0.3177 -0.3493 -0.4212 -0.4832 -0.5356 -0.5679 -0.5873 -0.5689 -0.5758 -0.6617 -0.863 -1.098 -1.3384 -1.6552 -2.0237 -2.3744 -2.6095 -2.6887 -2.8029 -2.8393 -2.532 -1.9943 -1.5912 -1.4216 -1.3223 -1.0166 -0.846 -0.7903 -0.2463 -0.0893 -0.269 -0.2552 0.396 1.0352 0.6645 0.1152 0.4165 0.3763 0.3879 0.5322 0.6185 0.6605 0.5807 0.3445 0.0269 -0.1657 -0.0826 0.3873 0.5671 0.471 0.5387 0.7291 0.4365 -0.0193 0.3853 0.6195 0.8105 0.8508 0.8972 1.0439 1.2588 1.4395 1.6181 1.7429 1.9999 2.1234 2.2959
-0.835 -0.8106 -0.8486 -0.8908 -0.9357 -0.9563 -0.9921 -1.0281 -0.9939 -1.0085 -1.1023 -1.2929 -1.4977 -1.7133 -1.9621 -2.3127 -2.5993 -2.8032 -2.9111 -3.0454 -3.0132 -2.717 -2.1735 -1.4468 -1.1253 -1.2183 -1.0156 -0.9385 -1.134 -0.8647 -0.874 -0.8137 -0.5138 0.064 1.001 1.0315 0.4631 0.4279 0.2996 0.2273 0.417 0.8866 1.0518 0.7308 0.387 -0.0145 -0.2795 -0.3027 0.0496 0.3621 0.4797 0.4836 0.4341 0.3546 0.0034 0.2077 0.3133 0.2984 0.3131 0.3248 0.4752 0.7325 0.9074 1.1149 1.3297 1.5432 1.7262 1.9079
-1.3294 -1.3197 -1.3504 -1.3562 -1.2869 -1.3058 -1.3744 -1.4082 -1.3914 -1.3666 -1.5059 -1.7248 -1.9152 -2.0693 -2.3084 -2.505 -2.7716 -2.9524 -3.0525 -3.1959 -3.1333 -2.8578 -2.5106 -1.8043 -1.1821 -1.0733 -0.9309 -0.984 -1.2578 -1.3262 -1.2894 -0.7888 -0.4771 -0.2653 0.4655 1.2249 1.0384 0.8664 0.4673 0.299 0.3577 0.8331 1.201 0.8831 0.4111 -0.0009 -0.3248 -0.4581 -0.2039 0.058 0.1814 0.1123 0.0264 0.2799 0.418 0.3566 -0.0166 -0.057 -0.1332 -0.1222 0.0028 0.2337 0.4222 0.6413 0.8838 1.0899 1.2946 1.5044
-1.8031 -1.8154 -1.8182 -1.7312 -1.6604 -1.639 -1.7059 -1.715 -1.7184 -1.696 -1.8685 -2.1113 -2.3047 -2.4531 -2.5105 -2.7018 -2.8447 -3.0173 -3.1554 -3.2682 -3.2077 -2.9768 -2.6303 -2.1709 -1.5567 -1.0279 -0.8701 -1.1189 -1.4133 -1.456 -1.1953 -0.712 -0.4603 -0.2488 0.1739 0.8983 1.1749 1.4343 0.9846 0.4316 0.477 0.625 0.9641 0.8047 0.4533 0.202 -0.12 -0.272 -0.3681 -0.1207 -0.0392 -0.1039 -0.2277 -0.0215 0.371 0.31 -0.1157 -0.4101 -0.4917 -0.5687 -0.4478 -0.2096 0.0254 0.2295 0.4792 0.696 0.9396 1.1505
-2.2254 -2.2529 -2.2026 -2.112 -2.0252 -2.0041 -1.9635 -1.9553 -1.9597 -1.9784 -2.166 -2.452 -2.6494 -2.7519 -2.8093 -2.8385 -2.9455 -3.0391 -3.2028 -3.2876 -3.2219 -3.0032 -2.7569 -2.2975 -1.6925 -1.1266 -0.9937 -1.3277 -1.5957 -1.5239 -1.2054 -0.7789 -0.5272 -0.3746 0.0283 0.3385 0.6931 1.5248 1.5618 0.9427 0.7827 0.9306 0.7772 0.632 0.4668 0.3905 0.1586 0.097 -0.0527 -0.2142 -0.1328 -0.3078 -0.4113 -0.4086 -0.2262 -0.0972 -0.1812 -0.5347 -0.8688 -0.9459 -0.8788 -0.6416 -0.3469 -0.1427 0.112 0.3391 0.5821 0.8251
-2.5949 -2.631 -2.5677 -2.4861 -2.3992 -2.3291 -2.267 -2.1763 -2.1431 -2.1716 -2.4066 -2.6952 -2.9117 -3.0095 -3.0762 -3.1012 -3.1127 -3.1317 -3.2123 -3.2815 -3.2187 -3.1142 -2.8817 -2.5147 -1.9075 -1.3603 -1.2348 -1.5077 -1.6262 -1.5716 -1.2777 -0.857 -0.5647 -0.4018 -0.317 -0.1644 0.1054 1.4422 1.8411 1.5952 1.4656 1.3149 1.0759 0.6269 0.3271 0.3492 0.3161 0.3365 0.4463 0.1874 -0.343 -0.6182 -0.8972 -0.9049 -0.8552 -0.5734 -0.4437 -0.8574 -1.2017 -1.2956 -1.2253 -1.0148 -0.7472 -0.4997 -0.2475 -0.0267 0.2306 0.4833
-2.9155 -2.9517 -2.9237 -2.8283 -2.7743 -2.7095 -2.599 -2.4875 -2.3497 -2.3163 -2.5766 -2.8196 -3.0118 -3.1362 -3.2237 -3.2915 -3.3217 -3.3441 -3.3219 -3.3547 -3.2909 -3.2016 -3.0667 -2.7396 -2.2588 -1.7426 -1.4689 -1.5927 -1.517 -1.3239 -1.1339 -0.9157 -0.6051 -0.5048 -0.5632 -0.4496 -0.0225 1.4573 2.3292 2.143 1.9094 1.6613 1.1814 0.5755 0.2152 0.2134 0.3068 0.4077 0.5924 0.4342 -0.1602 -0.8765 -1.4126 -1.7798 -1.4449 -1.1116 -0.9745 -1.4164 -1.5986 -1.6917 -1.5933 -1.3213 -1.0938 -0.8209 -0.5871 -0.3201 -0.058 0.1645
-3.2092 -3.2361 -3.2456 -3.1606 -3.104 -3.0586 -2.9576 -2.7961 -2.6187 -2.5563 -2.7242 -2.9149 -2.9754 -3.0868 -3.234 -3.356 -3.4293 -3.4687 -3.4918 -3.4573 -3.4004 -3.3228 -3.2061 -2.9838 -2.5936 -2.1032 -1.6654 -1.5263 -1.3676 -0.9068 -0.6287 -0.6273 -0.5378 -0.4511 -0.6715 -0.6753 0.1238 1.3252 1.8121 1.5438 1.3238 1.2071 0.8387 0.2714 0.0603 0.0154 0.152 0.339 0.3857 0.3238 0.0628 -0.5709 -1.5332 -2.4186 -2.5141 -2.3744 -2.1717 -2.0575 -1.8947 -1.8708 -1.8975 -1.6723 -1.4364 -1.1461 -0.8847 -0.6481 -0.4215 -0.1706
-3.4525 -3.4695 -3.4811 -3.4489 -3.4021 -3.3526 -3.2685 -3.1172 -2.9048 -2.8674 -2.9248 -2.997 -2.9984 -3.0478 -3.1535 -3.2837 -3.385 -3.4157 -3.5019 -3.4703 -3.4067 -3.2855 -3.1513 -2.9872 -2.7082 -2.3106 -1.9008 -1.7485 -1.7219 -1.3593 -0.8377 -0.5092 -0.4261 -0.6266 -0.9745 -0.8478 0.0418 0.9688 1.0984 0.9599 0.7802 0.6203 0.3754 0.1175 0.0486 0.129 0.2165 0.2215 0.1923 0.1111 -0.0088 -0.3173 -1.0709 -2.4395 -2.9007 -2.6524 -2.5998 -2.4911 -2.0764 -1.9627 -2.1537 -2.0052 -1.7177 -1.4577 -1.1688 -0.8981 -0.6827 -0.4666
-3.6745 -3.6912 -3.7262 -3.7105 -3.6952 -3.6405 -3.5411 -3.4089 -3.2305 -3.1675 -3.1833 -3.1392 -3.1134 -3.1277 -3.1997 -3.2433 -3.2921 -3.2885 -3.3408 -3.3489 -3.3515 -3.2416 -3.1223 -2.9599 -2.7117 -2.3578 -2.0623 -1.9647 -1.9374 -1.9228 -1.4834 -0.9184 -0.7132 -0.9445 -1.3301 -1.5991 -1.2267 -0.2143 0.4923 0.7363 0.8381 0.6602 0.4158 0.2255 0.0608 0.1056 0.1155 0.0621 0.0085 -0.15 -0.3399 -0.6184 -1.2628 -2.3981 -2.733 -2.8173 -2.9019 -2.9357 -2.8175 -2.6493 -2.4791 -2.2754 -2.0098 -1.7203 -1.5156 -1.2816 -1.0398 -0.7965
-3.9077 -3.903 -3.9543 -3.9601 -3.9513 -3.9151 -3.822 -3.7012 -3.5445 -3.4453 -3.4198 -3.379 -3.2961 -3.2854 -3.2847 -3.3126 -3.2513 -3.2184 -3.2273 -3.2185 -3.2133 -3.189 -3.0973 -2.9413 -2.6754 -2.3784 -2.1137 -2.0986 -2.0647 -1.994 -1.8468 -1.3926 -1.1667 -1.3148 -1.5543 -1.9958 -2.2763 -1.2808 -0.3982 0.581 0.9003 0.9792 0.6952 0.2045 -0.0375 0.0528 0.026 -0.0485 -0.1522 -0.3013 -0.5464 -0.8368 -1.0595 -1.6627 -1.9559 -2.8942 -2.9812 -3.2107 -3.2053 -3.0025 -2.7216 -2.4614 -2.3139 -2.0654 -1.8243 -1.5919 -1.3361 -1.1087
-4.1437 -4.1234 -4.149 -4.1805 -4.2044 -4.1695 -4.1 -3.9824 -3.8302 -3.7344 -3.695 -3.6412 -3.5628 -3.475 -3.4637 -3.3675 -3.2883 -3.2054 -3.1905 -3.1741 -3.1616 -3.1336 -3.0943 -2.9434 -2.703 -2.4013 -2.1617 -2.1169 -2.0933 -2.0222 -1.8893 -1.7321 -1.5121 -1.4502 -1.6947 -2.1119 -2.6139 -2.12 -1.1263 -0.0869 0.8655 0.9971 0.8156 0.2458 -0.137 0.0033 -0.0803 -0.3081 -0.385 -0.4067 -0.6413 -0.9488 -1.2127 -1.4869 -1.7872 -2.8646 -3.1575 -3.2993 -3.0659 -2.8671 -2.8544 -2.6714 -2.5703 -2.4498 -2.2204 -1.9831 -1.6941 -1.4467
-4.3556 -4.3451 -4.3561 -4.4008 -4.4247 -4.3956 -4.3262 -4.2401 -4.0977 -4.009 -3.9822 -3.9175 -3.8082 -3.7205 -3.6059 -3.5066 -3.3755 -3.2812 -3.2452 -3.2179 -3.1954 -3.1439 -3.1016 -3.0093 -2.7748 -2.5156 -2.2856 -2.1508 -2.1138 -2.0635 -1.9787 -1.8263 -1.6103 -1.5386 -1.5747 -1.921 -2.406 -2.5561 -1.7064 -0.5733 0.4003 1.3064 1.1543 0.4355 -0.0769 -0.04 -0.1645 -0.4387 -0.5099 -0.5393 -0.7341 -1.0384 -1.3524 -1.6105 -1.8689 -3.0549 -3.3625 -2.9833 -2.7263 -2.665 -2.6903 -2.8994 -2.8405 -2.8409 -2.5921 -2.344 -2.0046 -1.7587
-4.5514 -4.5595 -4.577 -4.6159 -4.6138 -4.5848 -4.5237 -4.4439 -4.3446 -4.2567 -4.2325 -4.1576 -4.0407 -3.9346 -3.8203 -3.6745 -3.5378 -3.4127 -3.3621 -3.3283 -3.2651 -3.2106 -3.1346 -3.0423 -2.9265 -2.6865 -2.4357 -2.2364 -2.1695 -2.1297 -2.0518 -2.005 -1.7889 -1.2772 -1.237 -1.6278 -2.0825 -2.3786 -2.2253 -1.0842 0.0954 1.0013 1.4837 0.827 0.134 -0.045 -0.1998 -0.4912 -0.5532 -0.6275 -0.8223 -1.1212 -1.431 -1.715 -1.9839 -3.3404 -3.5259 -3.0036 -2.7068 -2.6455 -2.7474 -3.0173 -3.1548 -3.2082 -2.9628 -2.6591 -2.3184 -2.0937
-4.7547 -4.7701 -4.8008 -4.8145 -4.8133 -4.7695 -4.7082 -4.6377 -4.5602 -4.4873 -4.4335 -4.3633 -4.265 -4.156 -4.0365 -3.89 -3.7378 -3.5959 -3.5093 -3.4682 -3.3853 -3.3232 -3.2453 -3.1653 -3.0521 -2.8763 -2.6145 -2.3737 -2.2553 -2.2124 -2.1772 -2.1447 -1.9754 -1.4367 -0.8825 -1.3051 -1.8993 -2.1195 -2.3041 -1.8791 -0.6526 0.7319 1.2614 1.0805 0.4481 -0.0703 -0.2457 -0.5157 -0.5668 -0.6419 -0.8109 -1.135 -1.3953 -1.7116 -2.3248 -3.6501 -3.7297 -3.4587 -3.3631 -3.1092 -3.0892 -3.1849 -3.4047 -3.5372 -3.3646 -3.0137 -2.5912 -2.3761
-4.9636 -4.975 -5.0137 -5.0327 -5.013 -4.9605 -4.8918 -4.8265 -4.7529 -4.7031 -4.639 -4.5538 -4.4634 -4.3449 -4.2282 -4.1096 -3.9634 -3.827 -3.6991 -3.6337 -3.5527 -3.4826 -3.416 -3.3421 -3.2201 -3.0456 -2.8265 -2.6075 -2.4395 -2.3639 -2.3382 -2.2705 -2.1496 -1.7722 -1.1578 -1.0425 -1.7391 -2.0929 -2.3042 -2.1855 -1.4716 0.0468 1.3222 1.2789 0.4605 -0.2478 -0.3178 -0.4818 -0.5851 -0.564 -0.6768 -0.8769 -1.1383 -1.441 -2.5149 -3.4476 -4.2247 -4.1885 -4.0329 -3.5388 -3.1669 -3.3038 -3.6639 -3.8441 -3.6706 -3.2421 -2.8157 -2.6476
-5.1586 -5.1902 -5.2279 -5.2378 -5.2146 -5.1591 -5.0879 -5.0193 -4.9537 -4.9018 -4.8502 -4.7665 -4.6691 -4.5454 -4.4254 -4.3081 -4.1764 -4.0635 -3.9483 -3.8514 -3.7698 -3.7053 -3.6414 -3.548 -3.4023 -3.2035 -3.0002 -2.8269 -2.72 -2.6092 -2.5366 -2.4661 -2.3786 -2.0239 -1.2696 -0.7229 -1.3239 -2.1862 -2.1595 -2.5338 -2.208 -0.7977 0.7937 1.1038 0.1216 -0.4227 -0.4491 -0.5841 -0.7964 -0.7997 -0.7158 -0.7262 -0.7938 -0.9848 -1.2362 -1.675 -3.1045 -3.7941 -3.7996 -3.4227 -3.0511 -3.2704 -3.6877 -4.1296 -3.9782 -3.5061 -3.0861 -2.9229
-5.3674 -5.3951 -5.4308 -5.4363 -5.4096 -5.3548 -5.2739 -5.1828 -5.134 -5.0825 -5.0315 -4.948 -4.8547 -4.7405 -4.6152 -4.4993 -4.4051 -4.3077 -4.2047 -4.1159 -4.0086 -3.9341 -3.8603 -3.7503 -3.5932 -3.4067 -3.2364 -3.0701 -2.9926 -2.8881 -2.7738 -2.7141 -2.6798 -2.4501 -1.8159 -0.9344 -0.8429 -2.0415 -2.236 -2.6456 -2.9205 -2.2066 -0.6087 0.5513 0.3649 -0.2366 -0.463 -0.7211 -0.9076 -0.9094 -0.7185 -0.5713 -0.6343 -0.7548 -0.8095 -0.9375 -1.6202 -2.2111 -2.9848 -3.2973 -3.0126 -3.1008 -3.6509 -4.1784 -4.1032 -3.6512 -3.2167 -3.1342
-5.5688 -5.5959 -5.6264 -5.6469 -5.6145 -5.5529 -5.4722 -5.3789 -5.2949 -5.2337 -5.1971 -5.1336 -5.0435 -4.9431 -4.8221 -4.7053 -4.6145 -4.5472 -4.4677 -4.3842 -4.2804 -4.1894 -4.0889 -3.9749 -3.8225 -3.6352 -3.478 -3.3615 -3.2606 -3.1631 -3.0523 -2.9607 -2.9443 -2.984 -2.639 -1.7973 -1.169 -1.7974 -2.2393 -2.6249 -3.2976 -3.0978 -1.8392 -0.1666 0.8698 0.3844 -0.1666 -0.8019 -0.9043 -0.7519 -0.5644 -0.4409 -0.4346 -0.6218 -0.8609 -1.0731 -1.3356 -1.9409 -3.1378 -3.5386 -2.932 -2.7342 -3.2308 -3.7728 -3.8436 -3.7813 -3.4375 -3.3259
-5.7742 -5.8184 -5.8436 -5.846 -5.8169 -5.7446 -5.6538 -5.5422 -5.4555 -5.3949 -5.3405 -5.2818 -5.2018 -5.101 -4.9997 -4.8947 -4.8177 -4.7625 -4.7108 -4.633 -4.5371 -4.4292 -4.3222 -4.1987 -4.0524 -3.9277 -3.7747 -3.6596 -3.5696 -3.4508 -3.3298 -3.2404 -3.183 -3.1879 -3.1829 -2.8156 -2.2582 -2.1153 -2.3238 -2.6183 -3.2139 -3.6746 -2.7853 -1.2163 0.3186 0.6581 0.2396 -0.4265 -0.457 -0.3842 -0.4372 -0.3702 -0.3452 -0.6301 -1.0964 -1.269 -1.4711 -1.8465 -2.9681 -3.8148 -3.5089 -2.7615 -2.5661 -2.46 -2.7486 -3.2897 -3.5227 -3.4416
-6.0034 -6.0438 -6.0813 -6.0754 -6.0316 -5.9574 -5.8341 -5.7201 -5.6126 -5.5515 -5.4997 -5.4395 -5.3566 -5.2459 -5.143 -5.0548 -4.9861 -4.9496 -4.9085 -4.8529 -4.7766 -4.6627 -4.5453 -4.4223 -4.2965 -4.1703 -4.0456 -3.9295 -3.8411 -3.7206 -3.6017 -3.5216 -3.4645 -3.3892 -3.346 -3.256 -2.9407 -2.6337 -2.3989 -2.6683 -3.0308 -3.4943 -3.6631 -2.3785 -0.3673 0.3801 0.4116 0.0552 -0.1479 -0.3126 -0.3627 -0.3079 -0.2763 -0.6166 -1.1961 -1.4753 -1.5529 -1.7769 -2.1977 -3.0471 -3.8704 -3.508 -3.0003 -2.2328 -2.1936 -3.3984 -3.5598 -3.3764
-6.2515 -6.2765 -6.3156 -6.3012 -6.2556 -6.1457 -6.0211 -5.9002 -5.7887 -5.7218 -5.6703 -5.605 -5.5016 -5.392 -5.2858 -5.1975 -5.1386 -5.1037 -5.0846 -5.0446 -4.9712 -4.8517 -4.7329 -4.631 -4.5087 -4.389 -4.2659 -4.161 -4.0554 -3.9487 -3.8758 -3.7948 -3.6954 -3.615 -3.5065 -3.3779 -3.234 -2.9865 -2.7155 -2.6307 -2.9721 -3.3959 -3.5778 -3.0373 -1.2182 -0.0785 0.4842 0.2664 -0.1031 -0.2813 -0.3348 -0.2692 -0.1537 -0.475 -1.134 -1.6573 -1.746 -1.7654 -2.1405 -2.3718 -3.1523 -3.7099 -3.6381 -2.8977 -2.0519 -3.1447 -3.4694 -3.3158
-6.4936 -6.5121 -6.5342 -6.5193 -6.464 -6.354 -6.2214 -6.101 -5.9954 -5.9213 -5.8514 -5.7721 -5.6647 -5.5509 -5.4446 -5.3572 -5.2979 -5.2593 -5.2598 -5.2221 -5.1448 -5.0246 -4.8905 -4.7886 -4.6996 -4.5835 -4.4545 -4.3521 -4.2373 -4.1681 -4.1051 -4.0694 -3.97 -3.8304 -3.725 -3.5601 -3.4396 -3.2428 -3.1103 -2.9095 -2.4545 -2.8782 -3.6783 -3.2619 -2.1355 -0.7753 0.1749 0.4229 0.0633 -0.2227 -0.2762 -0.1371 0.0047 -0.3251 -1.0747 -1.756 -1.9873 -2.0027 -1.9729 -2.2042 -2.284 -2.8157 -3.3631 -3.1841 -2.1699 -2.3205 -2.723 -3.4804
-6.718 -6.7415 -6.751 -6.7168 -6.6644 -6.5625 -6.4311 -6.3245 -6.2265 -6.1389 -6.0378 -5.9561 -5.8357 -5.7208 -5.6238 -5.5374 -5.4766 -5.4292 -5.4329 -5.396 -5.314 -5.1807 -5.0455 -4.9302 -4.8355 -4.7614 -4.6376 -4.5275 -4.4154 -4.3676 -4.3286 -4.3058 -4.217 -4.0738 -3.9167 -3.7478 -3.6451 -3.4411 -3.4012 -3.1305 -2.5635 -2.5792 -3.4078 -3.8035 -3.1373 -1.9615 -0.4439 0.051 0.5672 0.2299 -0.161 -0.0615 0.1277 -0.1931 -1.066 -1.863 -2.1189 -2.1607 -2.1265 -2.0688 -2.0666 -2.0544 -2.3771 -2.6619 -2.5577 -2.2148 -2.0554 -3.0357
-6.9416 -6.9705 -6.9644 -6.9224 -6.8443 -6.7399 -6.6304 -6.5413 -6.4491 -6.3515 -6.2473 -6.1357 -6.0115 -5.9162 -5.825 -5.7382 -5.6782 -5.6201 -5.6037 -5.5513 -5.4665 -5.3208 -5.1908 -5.0787 -4.9868 -4.9207 -4.8267 -4.7287 -4.6113 -4.5866 -4.549 -4.5002 -4.4033 -4.2611 -4.1135 -3.908 -3.8029 -3.6137 -3.6176 -3.5902 -3.4072 -3.3249 -3.3881 -3.5445 -3.7731 -3.297 -1.6333 -0.3541 0.4459 0.6943 0.2563 0.0073 0.141 -0.1979 -1.019 -1.861 -2.1546 -2.2894 -2.2481 -2.1634 -2.1194 -2.0788 -1.9508 -2.0841 -2.8617 -3.2405 -2.7564 -3.3147
-7.1747 -7.1912 -7.1823 -7.1234 -7.0363 -6.9245 -6.817 -6.7354 -6.6489 -6.5521 -6.4434 -6.3365 -6.225 -6.1351 -6.0558 -5.9707 -5.8921 -5.8219 -5.7944 -5.6922 -5.6157 -5.4839 -5.3419 -5.217 -5.1298 -5.0798 -4.9912 -4.9393 -4.8259 -4.7736 -4.7115 -4.6667 -4.5746 -4.4263 -4.2715 -4.087 -3.9535 -3.8088 -3.6744 -3.6662 -3.6386 -3.5382 -3.403 -3.3128 -3.4834 -3.7372 -3.1475 -1.5067 0.0454 0.6654 0.6602 0.3776 0.1478 -0.1418 -1.1231 -1.8132 -2.181 -2.3401 -2.3887 -2.3062 -2.1616 -2.063 -1.875 -1.5869 -2.2336 -3.3535 -3.6884 -4.0889
-7.395 -7.4098 -7.4015 -7.3194 -7.2062 -7.0871 -6.9843 -6.9 -6.8041 -6.7159 -6.6012 -6.5127 -6.4257 -6.3526 -6.2869 -6.2148 -6.1347 -6.037 -5.9788 -5.8593 -5.7433 -5.6178 -5.5065 -5.4027 -5.3087 -5.2402 -5.172 -5.1215 -5.0136 -4.9559 -4.8633 -4.7812 -4.6837 -4.5468 -4.3931 -4.258 -4.0886 -3.9649 -3.8999 -3.8153 -3.7083 -3.5618 -3.4479 -3.4179 -3.3906 -3.4733 -3.674 -2.9766 -1.403 0.0648 0.7907 0.6883 0.3302 -0.0514 -1.3187 -1.7894 -2.2093 -2.4495 -2.579 -2.5251 -2.2814 -2.0083 -1.8804 -1.7708 -2.5936 -3.2202 -3.6205 -4.0242
-7.6151 -7.6094 -7.5635 -7.4885 -7.3893 -7.2717 -7.1546 -7.0573 -6.9339 -6.8493 -6.7646 -6.698 -6.6241 -6.5819 -6.5229 -6.4409 -6.358 -6.2713 -6.1615 -6.0252 -5.895 -5.7597 -5.6404 -5.5348 -5.4361 -5.3615 -5.3274 -5.2805 -5.1832 -5.1012 -5.0142 -4.9039 -4.795 -4.6799 -4.5457 -4.3864 -4.2449 -4.1085 -4.0272 -3.9343 -3.8832 -3.7712 -3.587 -3.4491 -3.4289 -3.5409 -3.6742 -3.9256 -2.9308 -1.2176 0.1676 0.9672 0.7484 -0.0199 -1.2648 -1.7002 -2.0927 -2.4336 -2.5651 -2.5033 -2.3007 -1.9986 -1.6037 -1.6051 -2.6986 -3.1343 -3.4315 -3.7179
