public/U.asc
NCOLS 221
NROWS 89
XLLCORNER 89.8750000
YLLCORNER -11.1250000
CELLSIZE 0.2500000
NODATA_VALUE -999.0000000
[rows 50 to 74 of 89, columns 57 to 113 of 221]
-1.5472521 -2.6566250 -3.6595826 -4.0150809 -3.8841078 -3.4260919 -3.3013556 -3.7749636 -4.4446411 -4.5491080 -4.5307875 -4.5444303 -4.7210102 -5.0940495 -5.3645711 -5.7142224 -5.7368307 -5.7290349 -5.8296037 -5.8658552 -5.9095125 -5.9820156 -5.6861567 -4.7143836 -2.6663702 -2.6402535 -3.0218685 -2.8979118 -2.4067628 -1.9947433 -1.7534567 -1.6899191 -1.6868007 -1.5063230 -1.2202092 -1.0904056 -0.7914283 -0.5403966 -0.3872049 -0.2729933 -0.1790513 -0.2457072 -0.5532600 -0.1147342 -0.1400712 -0.5902911 -0.8343064 -0.8997930 -0.5637847 0.0805560 0.4645098 0.6481060 0.6831881 1.0191964 1.4733143 1.9106708 2.1110284
-1.3129817 -2.2679937 -3.2514610 -3.7250690 -3.5024929 -2.8343742 -2.4897904 -3.0433075 -4.1265640 -4.8313236 -4.8589997 -4.8079357 -4.9342313 -5.2601047 -5.6070271 -5.8471446 -5.9095125 -5.8833961 -5.8627367 -5.9516110 -6.0541286 -6.1079211 -5.8705325 -4.8792691 -3.1360800 -3.1976686 -3.3528092 -3.2397671 -2.8842688 -2.6616926 -2.4367774 -2.2867041 -2.2044561 -1.9830494 -1.8664989 -1.6037731 -1.1274366 -0.8432719 -0.6460326 -0.5287026 -0.5902911 -0.6448632 -0.6920291 -0.5267536 -0.5746991 -0.7848017 -0.9867185 -0.7466012 -0.3061264 0.1803450 0.2536276 -0.0324862 0.1273321 0.4664588 0.9525404 1.3236307 1.4019808
-1.3648252 -1.5277621 -2.4469123 -3.2191076 -3.2346997 -2.9329939 -2.5377359 -2.8616602 -4.1936097 -4.9077249 -5.0570183 -5.0024462 -4.9104533 -5.1057434 -5.5512857 -5.9399171 -5.9652543 -5.9516110 -5.9399171 -6.0287919 -6.1320891 -6.1507993 -5.8872938 -5.0659838 -3.5621324 -3.6322966 -3.4124489 -3.2463937 -3.2105319 -3.0249867 -2.8940139 -2.7104175 -2.6363554 -2.5619035 -2.4270325 -1.9888964 -1.4817655 -1.1976007 -1.0268680 -1.0853381 -1.1371816 -0.9945145 -0.8880989 -0.8101388 -0.7590749 -0.9730755 -0.9652795 -0.7006047 -0.2075067 0.1214851 -0.1907453 -0.5532600 -0.4741305 -0.2457072 0.2115291 0.4528158 0.5140145
-1.4303118 -1.5737585 -1.4946289 -2.2044561 -2.6831315 -2.7798021 -2.9244182 -2.8998609 -4.1031756 -4.8792691 -5.0601368 -5.0328507 -4.9143515 -4.7740231 -5.1478419 -5.7945213 -6.0034547 -5.9516110 -6.0120301 -6.1028538 -6.2143369 -6.2299290 -5.9683728 -5.2094307 -3.7601511 -3.6685479 -3.4221938 -3.1890929 -3.1380291 -3.1555700 -3.0355115 -2.9310448 -2.8460684 -2.8842688 -2.8129351 -2.3970177 -1.9039198 -1.6127386 -1.4634448 -1.5090516 -1.6146876 -1.5386765 -1.2876447 -1.0471376 -0.9146054 -1.1360122 -1.1165222 -0.4604875 0.0544394 -0.0621111 -0.4807571 -1.0471376 -1.1695350 -1.0023105 -0.7992243 -0.5579377 -0.5337700
-1.6536677 -1.4856635 -1.4077034 -1.1391306 -1.4954085 -2.0083864 -2.7435508 -2.8285272 -3.4771557 -4.2551980 -5.0737796 -5.0453243 -4.6948934 -4.4906378 -4.4126778 -5.1197762 -5.7933521 -5.9406967 -6.0217752 -6.1363769 -6.2474699 -6.2961950 -6.0373673 -5.3333869 -3.8326540 -3.6108575 -3.4214141 -3.2210567 -3.2308016 -3.2475631 -3.2132607 -3.1547904 -3.0627975 -3.0425279 -3.0308340 -2.7377036 -2.2730610 -2.0941427 -1.9448489 -1.8158247 -1.9214609 -2.0836179 -1.8664989 -1.5160680 -1.2701037 -1.4700716 -0.9602121 -0.3041773 -0.0305372 -0.2180314 -0.8880989 -1.6478207 -1.9241894 -2.0161824 -1.8645499 -1.6712087 -1.6470411
-1.8014022 -1.5893506 -1.2525626 -0.9516364 -0.6596757 -0.9290280 -2.0481460 -3.0705936 -3.4007547 -3.2857635 -4.3148375 -5.1595359 -4.8882346 -4.2201161 -3.8108253 -4.3374462 -5.6428890 -5.9056149 -6.0054035 -6.1106501 -6.1928978 -6.2486396 -6.3414121 -5.6939530 -4.6379824 -4.3218541 -4.0696530 -3.7063587 -3.7406611 -4.0482140 -3.9690843 -3.4272614 -3.3746381 -3.2651041 -3.2261240 -2.9817190 -2.7681081 -2.6164756 -2.3432252 -2.1978295 -2.2005582 -2.4028647 -2.4126098 -2.2407076 -1.9986414 -1.6037731 -1.0218006 -0.2359622 -0.0266392 -0.8198838 -1.5776565 -2.2933307 -2.7591426 -3.0218685 -3.1910419 -2.9672964 -2.3100922
-1.8345352 -1.6139081 -1.2533423 -0.8725069 -0.5435150 -0.4144910 -1.4778675 -3.4202449 -4.4419127 -3.8560421 -4.2719598 -5.1536889 -5.3170156 -4.7280264 -4.2271323 -4.5151954 -5.7309837 -5.9426455 -6.0100813 -6.0463328 -6.1176662 -6.1714587 -6.3316669 -6.5406003 -6.4770627 -6.0942783 -5.1860423 -4.8130031 -5.5181527 -6.0178771 -4.9583988 -3.6868687 -3.6174841 -3.5660303 -3.5660303 -4.0579591 -3.8462970 -3.1692131 -2.8090372 -2.6117980 -2.6086795 -2.6850805 -2.7708368 -2.8589318 -2.8979118 -2.2952797 -1.0982015 -0.2515543 -0.5708011 -1.6692597 -2.3872728 -2.8511357 -3.4221938 -4.0365200 -4.3335481 -4.4497089 -3.7063587
-1.7748957 -1.6302797 -1.3285738 -0.9087583 -0.5025859 -0.2269968 -0.3443268 -2.4243038 -4.4232020 -4.8402891 -5.0129709 -5.1899405 -5.2756968 -5.4417520 -5.4643602 -5.6136537 -5.8841758 -6.0100813 -6.0560780 -6.0475020 -6.0170975 -6.0120301 -6.0794659 -6.2681293 -6.6353216 -6.8216467 -6.6949611 -6.5628190 -6.8442550 -6.6848264 -5.4066696 -4.1480031 -4.1117516 -4.0793982 -4.4193044 -5.9017167 -6.1137681 -4.9876337 -4.0474343 -3.7044096 -3.3999753 -3.2132607 -3.1275043 -3.5480995 -3.6030614 -2.8441193 -1.5698605 -1.0490867 -1.6158570 -2.4905701 -2.8706257 -3.2865431 -3.9133430 -4.6235600 -5.3949757 -5.7855558 -5.7641168
-1.6119590 -1.5394560 -1.3274044 -0.9602121 -0.5306516 -0.1412406 -0.2328438 -2.2679937 -4.0061154 -4.6079679 -4.8929124 -5.0609164 -5.1314702 -5.3061008 -5.4417520 -5.6959019 -5.7290349 -5.9633050 -6.0697207 -6.0884314 -6.0514002 -6.0159283 -6.0365877 -6.0872617 -6.3012624 -6.4104066 -6.7620072 -6.8372388 -6.7483640 -6.7534313 -6.6633873 -6.5776310 -6.6489649 -6.4887567 -6.4525051 -6.9631443 -7.1958551 -6.9339089 -6.6626077 -6.3343954 -5.6206703 -4.6477275 -3.2514610 -3.4732578 -3.3559277 -2.8285272 -2.0941427 -1.8891073 -2.4995353 -3.4077711 -3.5621324 -3.5874693 -3.9152918 -4.6909952 -5.7551517 -6.5971212 -7.3451490
-1.1753821 -1.3176594 -1.2416482 -0.9878879 -0.4788081 0.0934195 0.1390262 -1.6614637 -3.4642923 -4.1799664 -4.6255088 -4.9057755 -5.0765085 -5.1731791 -5.1536889 -5.3774347 -5.5403714 -5.8186889 -5.9605765 -6.1281910 -6.1558666 -6.1020741 -6.0989556 -6.1391053 -6.4244394 -6.5901051 -6.5491757 -6.6411686 -6.7269249 -6.7818871 -6.8352895 -6.8547797 -6.8703718 -6.9584665 -7.0181060 -6.8980474 -7.0395451 -7.1810427 -7.0960665 -6.9877019 -6.6068664 -5.5006118 -3.6213820 -3.5687590 -3.3040843 -3.6977830 -3.9644067 -3.5266604 -3.3216252 -4.1850338 -4.3733077 -4.0072846 -3.8841078 -4.1838646 -5.1731791 -6.4310660 -7.4624791
-0.4994676 -0.7427033 -0.9925655 -0.8354758 -0.4788081 0.0267635 0.7494542 -0.0324862 -2.2660446 -3.8716342 -4.4154062 -4.8609486 -5.0679326 -5.1770768 -5.2464614 -5.2815437 -5.3443017 -5.5875373 -5.8685837 -6.0892110 -6.2650108 -6.2494187 -6.2767048 -6.3492079 -6.4641991 -6.6996388 -6.7561598 -6.7222471 -6.7378392 -6.6614385 -6.6809282 -6.8403568 -6.9397564 -6.9732790 -6.9954977 -7.1030827 -7.1155562 -7.1506386 -7.0835929 -7.0453920 -7.1841612 -6.3881879 -4.9965992 -5.6265173 -5.3197441 -5.3645711 -5.6662769 -5.4105678 -5.2554269 -5.4203129 -5.2328186 -4.6742339 -4.0552301 -3.8872261 -3.9398494 -5.0355792 -6.0580268
0.3265203 -0.1108362 -0.3833069 -0.5259740 -0.2320642 0.2692196 1.0484314 0.8960193 -1.4408364 -3.2124810 -4.3315992 -4.8020887 -5.1197762 -5.1938386 -5.1899405 -5.1236744 -5.1646032 -5.3715878 -5.7407289 -6.2084899 -6.3948145 -6.3609018 -6.3090587 -6.4252191 -6.6088152 -6.7620072 -6.7943606 -6.7838359 -6.8228159 -6.7698030 -6.8411365 -6.9584665 -7.0052428 -7.0660515 -7.0375962 -7.0863214 -7.1136074 -7.1685691 -7.1225729 -7.1880593 -7.2554946 -7.2200232 -6.4349642 -6.8391876 -6.5706148 -6.4564033 -6.4380827 -6.2455211 -6.3032117 -6.3078890 -6.0326896 -5.6487360 -4.8870654 -4.1265640 -3.8529236 -3.4974253 -4.3772058
0.7494542 0.3413328 0.2641522 0.1409752 0.1577366 0.5572824 1.1439326 1.5805094 -0.7200948 -3.1021674 -4.2388263 -4.9408579 -5.2542577 -5.2164469 -5.1575871 -4.9525518 -4.8843365 -5.0492225 -5.6448379 -6.1352072 -6.5717840 -6.5452776 -6.3402424 -6.4037800 -6.5881557 -6.6692343 -6.7202983 -6.8773880 -6.9183173 -6.9487214 -7.0103102 -7.0375962 -7.0660515 -7.1108789 -7.0804744 -7.0843720 -7.1330972 -7.1810427 -7.1732469 -7.2356148 -7.2972035 -7.3342347 -7.1596036 -7.0052428 -6.8540001 -6.9046741 -6.8637452 -6.7600579 -6.7994280 -6.7916317 -6.6419482 -6.4992814 -5.9937096 -5.2554269 -4.3705792 -3.9507637 -3.1820765
0.4606118 0.6325139 0.5553334 0.8090937 0.7903833 0.7923323 1.1743370 1.7660546 -0.1459182 -2.6527271 -4.3374462 -5.0386977 -5.3918571 -5.3520975 -5.0901513 -4.7514148 -4.5385833 -4.5463791 -5.1801953 -6.0697207 -6.5062976 -6.6002398 -6.3901372 -6.2650108 -6.3051605 -6.3375139 -6.4770627 -6.6918430 -7.0188856 -7.0492902 -7.1038623 -7.1264706 -7.1155562 -7.0863214 -7.0668311 -7.0375962 -7.1038623 -7.1907878 -7.1829920 -7.2652397 -7.3178630 -7.2640705 -7.2972035 -7.0796947 -7.0680008 -7.1783142 -7.0835929 -6.9799056 -6.9027252 -6.9163680 -6.9752278 -6.9935489 -6.8645248 -6.5912743 -5.7005796 -4.8765407 -4.1078534
-0.1517652 0.1460426 0.9720305 1.3450698 1.2047415 1.0238739 1.1614736 1.5590705 -0.0921257 -2.2562997 -3.9916928 -5.0492225 -5.4300575 -5.4351254 -5.0874228 -4.5806818 -4.1214967 -4.0716019 -4.3931875 -5.3501487 -6.2583842 -6.3811717 -6.2190146 -6.0514002 -5.8639059 -5.7395597 -5.9184780 -6.3343954 -6.6988592 -7.1175056 -7.2017021 -7.2102780 -7.1841612 -7.1136074 -7.0414944 -6.9849730 -6.9974465 -7.1116581 -7.2621212 -7.3677573 -7.4819689 -7.3619103 -7.3880272 -7.4153132 -7.3724351 -7.2652397 -7.1861105 -7.0181060 -6.9358582 -6.8754392 -6.9155884 -7.1596036 -7.3997211 -7.3256588 -7.1576548 -6.3156853 -5.4370742
-1.3862643 -0.1860677 0.7436072 1.3910663 1.3080387 1.0043839 1.0749378 1.2172152 -0.0531456 -2.0512645 -3.5013235 -4.6255088 -5.3080502 -5.4117370 -5.1392665 -4.5670385 -3.8599401 -3.4603944 -3.5746059 -4.3023639 -5.3119483 -5.9126310 -5.8588386 -5.6428890 -5.3333869 -5.0718307 -5.1030149 -5.5649290 -6.1917286 -6.7113328 -7.1537566 -7.1693487 -7.2141757 -7.1927371 -7.0539680 -6.9475522 -6.9572973 -7.0726781 -7.2278190 -7.3899760 -7.5131531 -7.7337804 -7.6831064 -7.6187892 -7.5669456 -7.4488358 -7.2504272 -7.0305796 -6.8099527 -6.7093840 -6.7690234 -7.0804744 -7.4125843 -7.6819367 -7.7357292 -7.5435576 -6.7795482
-2.9146733 -1.3157104 -0.0952441 0.5845684 0.8960193 0.8597678 0.7135925 0.1978861 -0.6920291 -1.7444912 -2.9692454 -3.9897437 -4.7288060 -5.0921006 -4.9143515 -4.4029326 -3.5687590 -3.0355115 -2.8694563 -3.3824341 -4.1214967 -4.7923436 -5.3010335 -5.2476311 -4.7825985 -4.2953477 -4.2064729 -4.4918070 -5.1996856 -6.0034547 -6.6898937 -7.2044311 -7.3127956 -7.2231412 -7.1011338 -6.9650931 -6.9019456 -6.9604158 -7.1685691 -7.4488358 -7.6753101 -7.9010048 -8.0549765 -8.0062513 -7.8148589 -7.5922828 -7.3205914 -7.0414944 -6.8462038 -6.7210779 -6.6930122 -6.8559489 -7.2562742 -7.7006474 -8.0015736 -8.0276899 -7.8140793
-4.6106963 -3.2163789 -2.1428676 -1.5484215 -0.8803029 -0.1147342 -0.0324862 -0.7388052 -1.1067772 -1.5250334 -2.2582488 -3.0171909 -3.7835393 -4.5354648 -4.7299757 -4.2513003 -3.3391662 -2.5209744 -2.0863466 -2.2555201 -2.8090372 -3.6588030 -4.6449990 -4.9829564 -4.4672499 -3.6958339 -3.3988059 -3.3968568 -3.7776921 -4.4497089 -5.3821120 -6.4544539 -7.0882702 -7.2601724 -7.2211924 -6.9397564 -6.8391876 -6.9105210 -7.0785251 -7.3322854 -7.6694632 -7.9770160 -8.2066088 -8.2798910 -8.0697889 -7.8051138 -7.4885955 -7.1518078 -6.8403568 -6.6002398 -6.6244073 -6.8119016 -7.0641026 -7.4320745 -7.8647532 -8.0569248 -8.1009731
-5.4546151 -5.1380968 -4.5054502 -3.9897437 -3.2093625 -2.0181315 -1.1126242 -0.8374248 -0.5240250 -0.7621933 -1.0728645 -1.5386765 -2.1646965 -3.1516721 -3.9761007 -3.8030293 -2.9719739 -2.0804996 -1.3441658 -0.8557454 -1.1145732 -2.1245470 -3.5921471 -4.8363910 -4.4621825 -3.3391662 -2.6480496 -2.4106607 -2.3128209 -2.7349751 -3.5523872 -4.6948934 -6.0552983 -6.8294425 -6.8656940 -6.7620072 -6.6536422 -6.6762509 -6.8286629 -7.1097093 -7.4878159 -7.9466114 -8.2896366 -8.4954510 -8.3921537 -8.0795336 -7.6811571 -7.3042197 -6.9319601 -6.6614385 -6.5901051 -6.6380506 -6.9066229 -7.3042197 -7.7524910 -8.0152168 -8.1021423
-6.0658226 -5.9367986 -5.9309516 -5.5228305 -4.8804388 -3.6089084 -1.5842831 -0.4916715 -0.0219616 0.0778274 -0.1412406 -0.3735619 -0.9722959 -1.6127386 -2.2991779 -2.5845120 -2.1148021 -1.4985269 -0.5746991 0.0493720 0.1869716 -0.7746669 -2.6975541 -4.3070416 -4.3861713 -3.2152097 -2.2317421 -1.3999074 -1.2014987 -1.2954408 -1.9791514 -2.6850805 -4.0688734 -5.9145799 -6.3772736 -6.2876196 -6.1734080 -6.1889997 -6.3967638 -6.7086043 -6.9526196 -7.3030505 -8.0491295 -8.6057644 -8.5550909 -8.3099060 -7.9243932 -7.4936633 -7.0804744 -6.6567607 -6.5043488 -6.5842581 -6.8871331 -7.1927371 -7.4995103 -7.8101811 -8.0522480
-6.6555915 -6.7573295 -6.7709723 -6.7807174 -6.2513680 -4.7845478 -2.3588173 -0.8440514 -0.0266392 0.0552190 0.0396270 -0.1517652 -0.2133538 -0.7017741 -1.0327150 -1.3246758 -1.1480961 -1.0510356 -0.1252588 0.3588738 0.4594424 0.0953685 -1.3695029 -3.0035479 -3.6252801 -2.8246293 -1.6743271 -0.6947578 -0.2963813 -0.4320320 -0.8569149 -1.4349895 -2.2192686 -4.1986771 -5.2581553 -5.4039412 -5.3080502 -5.3481994 -5.5540142 -5.9555092 -6.3199730 -6.4836893 -7.2056003 -8.1352749 -8.5601578 -8.3177023 -7.9918284 -7.5786395 -7.2297678 -6.8286629 -6.5296855 -6.5211101 -6.7171798 -6.9986162 -7.3303366 -7.5591497 -7.7836747
-7.2231412 -7.3217611 -7.4301257 -7.4429889 -7.2730360 -6.0767374 -4.1635947 -2.4866719 -1.4271934 -0.7290602 -0.6721493 -0.0679581 -0.1038197 -0.4456750 -0.6507102 -0.6362876 -0.6078321 -0.3918825 0.3892783 0.7825872 0.2103597 -0.1451386 -0.0901767 -1.3383188 -2.1635270 -2.0520442 -1.1157426 -0.2464868 0.1390262 -0.1576122 -0.5598866 -0.3606985 -0.6830637 -2.1089549 -3.8314848 -4.1604767 -4.1187677 -4.1351395 -4.2259631 -4.6352539 -5.4144659 -5.5403714 -6.0151486 -7.1985841 -7.7864037 -7.9165969 -7.6148911 -7.5041876 -7.1673999 -6.7994280 -6.4829097 -6.3725958 -6.4758930 -6.7074351 -6.9155884 -7.1408935 -7.2835603
-7.5377107 -7.5833173 -7.6916819 -7.5942316 -7.4028397 -6.9572973 -5.8549404 -4.6079679 -3.5052214 -2.6078999 -1.1890252 -0.5844441 -0.4281340 -0.8284594 -0.8725069 -0.5442947 -0.4690631 0.0661334 0.7260661 0.2524582 -0.3209388 0.0092225 0.1881410 -0.1303262 -0.5435150 -0.8109184 -0.5715807 0.1869716 0.0961481 -0.2004903 -0.3462758 -0.1225302 0.1986657 -0.7045028 -2.3666134 -2.9251978 -2.8433397 -2.8000717 -2.8920648 -3.7277977 -4.5736651 -4.5471587 -4.8293748 -5.8658552 -6.5659370 -6.8080034 -7.1019135 -6.9915996 -6.9713302 -6.6361012 -6.1967959 -5.9399171 -5.9937096 -6.2603335 -6.4466581 -6.6302543 -6.7729216
-7.6519222 -7.6792083 -7.6604977 -7.5533028 -7.3470979 -6.9779568 -6.5316348 -6.1605444 -5.3010335 -4.4154062 -2.8928444 -1.7035621 -1.4926800 -1.5336090 -1.5803851 -0.9243504 -0.7551768 -0.2632483 -0.4846551 -0.9095380 -0.5259740 -0.0336556 -0.0305372 -0.0660091 0.3881088 0.2555766 0.3393838 0.1596856 0.0661334 -0.1116158 -0.2219294 -0.0044205 0.3386042 -0.4351504 -1.4303118 -1.9662879 -1.6236531 -1.6567861 -2.2114725 -3.1516721 -3.7250690 -3.6225514 -3.5855203 -4.3089905 -5.0659838 -5.9106822 -6.2279801 -6.4700460 -6.4907055 -6.3928657 -5.8861246 -5.3255911 -5.1556377 -5.5579123 -6.0151486 -6.1928978 -6.2229123
-7.6636162 -7.6604977 -7.6226873 -7.5599294 -7.4488358 -7.3860779 -6.9506707 -6.7366700 -6.8372388 -6.2026429 -5.4916463 -4.2505207 -3.4194653 -3.0433075 -2.7162647 -1.9105464 -1.6489900 -1.2817978 -1.7776244 -2.3541398 -1.8150452 -1.3765193 -1.4369384 -0.8756253 0.0501516 0.5241494 1.0180269 0.3764148 -0.2718239 -0.4398280 -0.0999217 0.2154271 0.5592314 -0.5832747 -1.3051858 -1.4985269 -0.9750245 -0.8834213 -1.3948400 -2.0738728 -2.6203737 -2.4457428 -2.0228090 -2.8550336 -3.9495943 -4.8410687 -5.1115904 -5.4339557 -6.0981765 -6.1164970 -5.6343131 -4.9576192 -4.4996033 -4.7327042 -5.2710190 -5.5805206 -5.6565318
