public/U.asc
NCOLS 221
NROWS 89
XLLCORNER 89.875
YLLCORNER -11.125
CELLSIZE 0.25
NODATA_VALUE -999
[rows 0 to 29 of 89, columns 0 to 67 of 221]
7.1081 7.2685 7.3519 7.4721 7.5388 7.551 7.642 7.8105 8.0431 8.3255 8.7131 8.9282 9.1026 9.1834 9.273 9.4448 9.5225 9.558 9.5369 9.5711 9.6196 9.7611 9.9437 10.0765 10.0865 10.0729 10.0326 9.9049 9.7973 9.4874 9.5292 9.3734 9.3762 9.2113 7.8202 4.8185 4.0613 4.9769 6.4827 8.2731 9.196 9.979 10.2251 10.194 10.2011 9.9398 9.9647 9.6781 9.6163 9.3433 9.197 9.078 7.4427 5.8234 6.0592 3.6162 2.8256 2.8743 2.5314 2.0991 2.3508 2.487 2.6625 2.5472 2.5166 2.4825 2.4922 2.4068
7.1901 7.3397 7.4188 7.5284 7.6029 7.6914 7.8002 7.9453 8.1944 8.4057 8.7304 8.8761 8.9364 9.0364 9.2085 9.4066 9.5636 9.6405 9.6337 9.6997 9.7308 9.8357 10.0158 10.1398 10.1515 10.1347 10.1599 9.9109 9.8722 9.432 9.4096 9.289 9.266 9.0655 7.5155 4.4467 4.5419 6.2492 7.9062 9.1231 9.8983 10.1118 10.3017 10.1755 10.1759 9.9386 10.0968 9.9136 9.8837 9.6686 9.4576 9.249 9.0803 8.8028 7.9923 4.3133 3.5441 3.2666 3.1096 2.9667 3.4464 3.2979 3.4433 3.1598 3.0966 3.01 2.9496 2.8438
7.2295 7.3863 7.5215 7.6336 7.7016 7.8041 7.9472 8.0811 8.2205 8.3491 8.6898 8.7816 8.8472 8.945 9.1017 9.3016 9.5084 9.6843 9.6635 9.7641 9.8117 9.934 10.0061 10.1253 10.2333 10.173 10.2453 9.9183 9.8105 9.5918 9.4168 9.2061 9.1621 8.9914 7.6157 4.6242 4.8724 7.6811 9.2024 9.757 9.9236 10.0524 10.0301 9.8568 9.9545 9.9436 10.0779 9.9781 9.947 9.8208 9.6151 9.376 9.2125 9.6302 8.39 5.9498 7.6071 6.8993 5.3651 4.7123 4.3551 4.0809 4.0248 3.6638 3.4207 3.1298 3.1179 3.7864
7.3063 7.4913 7.6428 7.7545 7.8119 7.8901 8.0247 8.1695 8.2984 8.3377 8.5611 8.6179 8.755 8.8646 8.9854 9.1566 9.3373 9.5441 9.5652 9.7759 9.7473 9.9084 10.0007 10.1478 10.2838 10.1992 10.193 9.915 9.692 9.5063 9.3608 9.2229 9.1135 8.8087 7.5092 4.7527 5.0619 8.0032 9.1868 9.5736 9.7138 9.7054 9.6161 9.5968 9.5276 9.6088 9.7915 9.7318 9.6942 9.5342 9.4357 9.3425 9.0998 9.0815 9.2261 8.8208 10.2733 9.8381 7.9268 6.2906 5.3213 4.5062 4.1512 3.9135 3.5893 3.1564 3.4855 5.3094
7.4176 7.6309 7.7738 7.8904 7.9807 8.0788 8.1711 8.1988 8.2287 8.2981 8.4681 8.5654 8.7833 8.8821 8.9301 9.0163 9.115 9.3996 9.45 9.6923 9.6556 9.7811 9.8974 10.0104 10.1235 10.1529 10.0679 9.7817 9.6523 9.455 9.2986 9.092 9.0153 8.8116 7.5561 4.9623 4.9933 6.8859 7.993 8.6694 8.9647 9.0626 9.0891 9.1775 9.1957 9.2518 9.2495 9.292 9.3003 9.2022 9.0988 9.0711 9.1341 9.0457 9.1941 9.1019 9.3265 9.4495 9.125 8.4272 6.8903 4.9405 4.1641 4.0801 3.7703 3.4655 4.0822 6.0691
7.5296 7.7295 7.8636 7.9924 8.0873 8.1788 8.2438 8.2536 8.1833 8.2223 8.3815 8.4764 8.6355 8.6705 8.7155 8.7924 8.8806 9.1177 9.2275 9.442 9.5683 9.6627 9.7522 9.8401 9.8766 9.8649 9.7715 9.5292 9.4002 9.3693 9.2851 9.1812 9.0826 8.3518 6.5172 4.6906 4.6591 6.1003 7.3803 8.0023 8.4739 8.7129 8.7905 8.7246 8.752 8.809 8.7985 8.8781 8.8667 8.9763 8.9722 8.926 8.9096 8.8795 8.8253 8.9094 8.7809 8.8163 8.587 7.4975 5.5081 4.1345 3.9258 3.7989 3.5433 4.1019 5.4594 7.2341
7.551 7.7957 7.9509 8.0642 8.1414 8.1518 8.1885 8.1389 8.0934 8.1229 8.2848 8.3909 8.4635 8.516 8.5714 8.6386 8.7305 8.8735 9.0958 9.2209 9.3749 9.5223 9.6041 9.6127 9.6176 9.4407 9.3263 9.1859 9.1887 9.2799 9.2642 9.2208 8.6331 7.5115 4.7324 3.9003 4.0315 4.9507 6.3876 7.2947 7.824 8.0935 8.0841 8.141 8.1617 8.1541 8.3326 8.4352 8.5527 8.6287 8.7022 8.6939 8.6474 8.6444 8.5868 8.572 8.4309 8.5299 8.2441 6.5876 4.5272 3.9274 3.7535 3.7331 4.1845 5.418 7.1872 8.5754
7.5264 7.7919 7.9957 8.099 8.0766 8.0815 8.0259 7.9825 7.9782 8.0071 8.1361 8.2892 8.3521 8.4647 8.5243 8.6518 8.7812 8.7973 8.9932 9.0741 9.238 9.3603 9.3707 9.373 9.2766 9.1542 9.1104 9.0444 9.0705 9.2559 9.2345 9.2309 8.6416 6.4331 3.6161 3.7438 3.5724 3.6043 4.3225 5.0921 5.946 6.2625 6.7968 6.9186 7.1591 7.3565 7.6853 7.8949 8.0811 8.2612 8.3352 8.3477 8.2893 8.255 8.2472 8.3009 8.2097 8.2781 8.1369 6.4826 4.3724 3.7794 4.4722 5.4837 6.3786 7.3625 8.7154 8.6574
7.5011 7.7575 7.9591 8.052 8.0295 7.908 7.8489 7.8298 7.8236 7.8967 7.9617 8.1432 8.2295 8.3431 8.465 8.5922 8.7441 8.7555 8.8941 8.9435 9.1104 9.1419 9.1554 9.1018 9.0046 9.0337 8.9928 9.0584 9.0254 9.1907 9.1809 9.1624 8.5398 6.3441 3.6561 3.8691 3.1454 2.2636 2.8104 2.8088 3.6317 4.377 4.9282 5.6676 6.1193 6.6922 7.1692 7.4864 7.8054 7.9878 8.1136 8.127 8.1049 8.0781 8.0348 8.0968 8.0714 8.1111 7.9684 6.5651 4.4692 4.7076 5.9253 7.5918 8.0977 8.6275 8.7465 8.7017
7.4292 7.6726 7.8565 7.95 7.9295 7.8076 7.6778 7.665 7.6429 7.7562 7.7852 7.9912 8.0846 8.2047 8.3266 8.4359 8.5779 8.6633 8.8009 8.812 8.9347 8.9447 8.9676 8.9142 8.8872 8.9405 8.9327 9.0934 9.0331 9.1357 9.1372 8.9212 8.2982 6.1973 3.5257 3.5322 2.7745 1.8389 2.3009 2.1642 2.0469 2.7927 4.0774 4.9576 5.8517 6.6209 7.1486 7.662 7.9492 8.1415 8.2675 8.2063 8.2042 8.1803 8.1291 8.0877 8.1029 8.1226 8.0846 6.6803 6.0838 6.4626 7.493 8.498 8.4613 8.5375 8.6189 8.6335
7.2736 7.4903 7.6844 7.7509 7.7393 7.6146 7.4688 7.4755 7.4478 7.5587 7.5895 7.8024 7.9128 8.0116 8.1227 8.2301 8.4144 8.5387 8.6788 8.6148 8.7019 8.6934 8.7165 8.7254 8.7102 8.8669 8.9087 9.1206 9.1178 9.1982 9.0376 8.8641 8.3433 6.2144 3.3759 3.1966 2.6886 2.2113 2.5055 2.3117 2.0926 3.1128 4.4321 5.5574 6.5183 7.3291 7.7881 8.278 8.4431 8.6525 8.6396 8.5247 8.4106 8.3065 8.3446 8.2101 8.1969 8.0976 8.1602 8.146 7.9873 8.1339 8.4493 8.3615 8.2937 8.4248 8.3458 8.3483
7.1126 7.2572 7.4555 7.5125 7.4979 7.3825 7.2718 7.2748 7.2736 7.3674 7.4435 7.5505 7.6413 7.8046 7.9482 8.1077 8.3017 8.3767 8.4652 8.3815 8.3993 8.4244 8.5118 8.5466 8.617 8.761 8.9372 9.1611 9.2118 9.239 8.9987 8.883 8.4109 7.3124 5.0055 4.0796 3.0068 2.6963 2.5324 2.5057 3.0148 4.3585 6.0211 7.076 7.6434 8.3009 8.6043 8.8494 8.9374 8.9924 8.9399 8.778 8.7077 8.4097 8.3553 8.1588 8.1257 7.9696 7.8594 7.9471 8.048 8.0701 8.0205 8.1517 8.0886 8.0367 8.0492 8.2113
6.9816 7.0638 7.2081 7.231 7.2126 7.1618 7.1046 7.1103 7.1382 7.2136 7.2289 7.2401 7.2846 7.5141 7.7738 7.9633 8.1388 8.2415 8.2137 8.0871 8.1151 8.2717 8.4193 8.5454 8.6729 8.8179 8.9624 9.1205 9.1502 9.1079 9.0338 8.9493 8.8282 8.6377 8.2869 7.1959 4.3479 3.0157 3.2515 4.0259 4.5978 5.7182 7.274 8.0574 8.3286 8.667 8.6974 8.9622 8.9692 8.9657 8.8886 8.6932 8.5078 8.2776 8.1376 7.9214 7.8533 7.7446 7.6152 7.4635 7.3793 7.4426 7.5284 7.5898 7.5775 7.7498 7.9092 8.0251
6.8446 6.8836 6.9344 6.9454 6.9579 6.962 6.9534 6.9827 7.0057 7.048 6.9876 6.9841 7.0752 7.2933 7.5601 7.7719 7.8886 7.9308 7.8681 7.8211 7.8684 8.0534 8.273 8.4816 8.6517 8.8056 8.9039 9.0106 9.1295 9.0381 8.9618 8.8273 8.6934 8.6442 8.7392 8.4274 6.9704 4.1054 3.2568 3.6776 4.1443 5.2155 6.7532 7.4047 7.5178 8.1224 8.3148 8.491 8.5447 8.5663 8.5711 8.4603 8.2275 7.9547 7.6741 7.5359 7.4035 7.1732 7.0274 6.8897 6.7916 6.8345 6.8908 7.079 7.2985 7.4587 7.6075 7.8062
6.6224 6.6551 6.6549 6.655 6.7028 6.7389 6.7852 6.8328 6.8415 6.8528 6.7682 6.701 6.8307 7.0479 7.302 7.4998 7.5842 7.4845 7.4146 7.4272 7.5151 7.689 7.9862 8.2716 8.55 8.7192 8.8802 8.9372 9.0331 9.0618 8.9499 8.7099 8.5047 8.2121 8.0151 7.9437 8.1495 6.1992 3.4632 2.8094 2.5852 3.5284 5.021 6.0803 6.8655 7.3215 7.6764 7.9029 8.0639 8.0419 7.9723 7.8663 7.6724 7.3373 7.0282 6.7975 6.6696 6.5125 6.3647 6.2372 6.1928 6.2247 6.3919 6.7026 6.9214 7.1412 7.361 7.5741
6.3515 6.3618 6.3877 6.4337 6.4853 6.5554 6.6053 6.645 6.6849 6.6157 6.4514 6.3981 6.5694 6.7695 6.9399 7.1152 7.1659 7.0084 6.8998 6.9928 7.1587 7.4763 7.7729 8.1325 8.4295 8.6538 8.844 8.9237 8.9179 8.8891 8.6969 8.4522 8.1124 7.7894 7.6858 7.502 7.4673 7.374 5.2353 3.0309 2.5109 2.4528 3.658 5.0474 5.9849 6.3645 7.078 7.2277 7.2602 7.2573 7.1841 7.0794 6.8764 6.5652 6.3118 6.036 5.8192 5.6878 5.5715 5.59 5.6002 5.7728 6.0295 6.3128 6.6264 6.8971 7.1155 7.3242
6.0272 6.0487 6.1065 6.1775 6.2598 6.3303 6.3906 6.4233 6.4244 6.2801 6.0765 6.0609 6.2264 6.3912 6.5567 6.6581 6.7052 6.5459 6.4702 6.6187 6.8241 7.1729 7.6344 8 8.3458 8.5836 8.7756 8.8289 8.7127 8.5147 8.3055 8.035 7.6924 7.2211 6.989 6.8522 6.5774 6.7447 6.145 3.9348 2.3565 2.2512 2.3141 3.3996 3.9191 4.3393 5.3893 6.1204 6.1996 6.1531 6.0753 6.0167 5.8529 5.7013 5.4088 5.1688 4.9509 4.8492 4.9407 4.9723 5.1946 5.3955 5.7684 6.0494 6.3977 6.6389 6.8748 7.0756
5.6671 5.7422 5.8089 5.926 6.0085 6.101 6.163 6.1462 6.1 5.8478 5.6393 5.6488 5.8431 6.0091 6.0984 6.1973 6.2318 6.1222 6.0756 6.2207 6.4555 6.9229 7.3869 7.8463 8.1922 8.5079 8.7016 8.6269 8.2993 7.9972 7.5715 7.2885 6.9357 6.4783 6.1023 5.961 5.7762 5.7422 5.6125 4.3911 2.8146 1.9457 1.9861 2.0633 2.404 2.5201 3.148 4.0632 4.7783 4.744 4.8734 4.8239 4.8067 4.7301 4.4403 4.2136 4.0407 4.1704 4.27 4.6533 4.8848 5.2228 5.5958 5.8404 6.1577 6.3928 6.6677 6.8661
5.3008 5.4054 5.5074 5.6231 5.7213 5.8139 5.872 5.8564 5.695 5.3568 5.1559 5.2179 5.4181 5.6118 5.701 5.7237 5.7347 5.6734 5.6145 5.7264 6.0686 6.5571 7.1666 7.626 8.044 8.3773 8.3555 8.093 7.594 6.963 6.4977 5.9489 5.596 5.3499 4.9983 4.8119 4.7532 4.7574 4.7722 3.7657 3.3183 2.4489 1.7195 1.6698 1.8885 1.6448 1.615 1.9745 2.8206 3.2964 3.426 3.706 3.701 3.659 3.4469 3.2688 3.315 3.5085 3.9612 4.3447 4.7375 5.1048 5.4094 5.6273 5.8993 6.1484 6.4299 6.6231
4.9579 5.0518 5.1765 5.2956 5.4054 5.4713 5.5184 5.458 5.2792 4.8593 4.6859 4.7808 5.0321 5.2232 5.3185 5.355 5.1983 5.0971 4.9858 5.0876 5.477 6.1787 6.8145 7.342 7.7976 7.7234 7.5068 6.8153 6.0953 5.3298 4.7474 4.2045 3.9322 3.6359 3.5781 3.4917 3.4424 3.6639 3.4469 2.9929 2.8035 2.2693 1.442 1.3242 1.5631 1.2208 1.027 0.9359 1.2006 1.7419 2.1398 2.4739 2.7094 2.6095 2.4865 2.5387 2.7428 3.2686 3.7491 4.2087 4.6074 4.8944 5.1759 5.4155 5.6483 5.8892 6.1257 6.3387
4.6379 4.7296 4.8757 4.9947 5.0811 5.1278 5.1266 5.0579 4.8275 4.4215 4.3298 4.4828 4.7365 4.9108 4.9911 4.8686 4.6544 4.2969 4.0845 4.1716 4.5968 5.4858 6.2476 6.7156 6.7367 6.4773 5.5698 4.4333 3.5081 3.0197 2.4458 2.2884 2.1477 2.0596 1.9988 2.1629 2.0946 2.3226 2.3835 2.2214 2.2592 1.6886 0.8546 0.7126 1.0321 0.8465 0.9504 0.6938 0.6476 0.6769 1.0626 1.5956 2.0273 1.8875 1.7885 2.0143 2.515 3.0808 3.6196 4.0766 4.4242 4.7139 4.98 5.191 5.4017 5.6485 5.8909 6.0598
4.2387 4.3915 4.5516 4.7216 4.7922 4.7974 4.7833 4.6769 4.3904 4.1129 4.1166 4.2438 4.434 4.5796 4.5248 4.2672 3.8372 3.3492 2.9521 2.8759 3.2324 4.0429 4.6421 4.7976 4.6734 4.0804 2.5357 0.8473 0.2646 0.4704 0.6519 0.6581 0.7081 0.7802 0.7543 0.8216 0.865 0.9848 1.3136 1.4118 1.2853 0.8202 0.3102 0.4146 0.7978 0.7869 0.9867 0.8391 0.4177 0.2581 0.4666 0.8799 1.1843 1.1062 1.2829 1.7832 2.3988 3.0211 3.5505 3.9407 4.24 4.5225 4.7745 4.9994 5.2147 5.3937 5.5567 5.6993
3.8216 4.1288 4.3389 4.488 4.5249 4.5227 4.5004 4.3477 4.0629 3.887 3.8929 3.9805 4.0855 4.1095 3.8887 3.448 2.8154 2.2349 1.8109 1.2691 0.9704 1.2456 1.5443 1.5494 1.5103 1.2501 -0.0842 -1.0765 -1.0196 -0.918 -0.6218 -0.4386 -0.2844 -0.1933 -0.2167 -0.2077 0.0925 0.1774 0.1997 0.2295 0.3754 0.4508 0.3088 0.3888 0.7693 0.592 0.8021 0.7576 0.2596 0.2272 0.398 0.4401 0.4139 0.5037 0.9087 1.6051 2.2659 2.8309 3.3236 3.7312 4.057 4.3272 4.5619 4.7815 4.9708 5.1127 5.2662 5.403
3.5835 3.9342 4.163 4.2756 4.2828 4.2833 4.2342 4.0419 3.7728 3.5913 3.5702 3.5553 3.5971 3.427 3.0821 2.447 1.7697 1.1299 0.6393 -0.1704 -0.9531 -0.5404 0.4809 0.7415 0.5507 0.2765 -0.0804 -0.4496 -0.4437 -0.8912 -0.891 -1.0828 -1.1036 -1.1196 -1.0834 -0.7756 -0.3474 -0.0987 0.0352 0.1281 0.3084 0.2575 0.0157 0.1953 0.531 0.3871 0.8281 0.6829 0.2215 0.2511 0.4401 0.3603 0.2236 0.1771 0.7158 1.5022 2.1551 2.7103 3.1308 3.502 3.8097 4.0763 4.3228 4.5408 4.7181 4.8433 4.9764 5.1095
3.4372 3.7577 3.9371 3.979 3.9825 3.949 3.8791 3.6726 3.4405 3.2005 3.114 3.0599 2.9224 2.6935 2.1358 1.4799 0.8557 0.2474 -0.3423 -1.1607 -2.1687 -2.1616 -0.997 0.016 0.0168 0.3059 0.4817 0.3418 0.1063 -0.1782 -0.384 -0.7029 -1.2191 -1.3385 -1.2467 -0.8296 -0.3491 -0.0542 0.189 0.4324 0.5606 0.1873 -0.1391 0.015 0.2423 0.3779 1.0011 0.759 0.3754 0.3059 0.4237 0.4127 0.3046 0.1292 0.6467 1.4063 2.0228 2.5059 2.9127 3.264 3.5861 3.8517 4.088 4.3141 4.467 4.5914 4.7168 4.8678
3.2278 3.4765 3.5313 3.5663 3.5267 3.4882 3.3502 3.1477 2.9694 2.7239 2.5952 2.4732 2.2744 1.7978 1.2403 0.6991 0.1117 -0.3983 -1.0774 -1.7489 -2.5783 -2.7422 -1.8873 -0.8705 -0.4113 -0.1241 0.5665 0.8151 0.6871 0.3455 0.1278 -0.0984 -0.5962 -1.0085 -1.0229 -0.7662 -0.2532 0.1999 0.7886 1.0209 0.8133 0.403 -0.2842 -0.1815 0.0207 0.5074 1.1621 0.5307 0.1828 0.1944 0.3208 0.5796 0.562 0.2888 0.6158 1.3403 1.8851 2.3551 2.7256 3.0776 3.4023 3.6616 3.8699 4.0667 4.1856 4.3146 4.4487 4.6338
2.9272 3.0293 3.037 3.015 2.9724 2.8517 2.7127 2.5707 2.4087 2.226 2.0734 1.9019 1.5258 1.0506 0.5641 0.0276 -0.3742 -0.8117 -1.4883 -2.0539 -2.6587 -2.9523 -2.1329 -1.2532 -0.7745 -0.5423 0.0667 0.7527 1.0745 0.7229 0.353 0.1335 -0.0383 -0.4436 -0.6835 -0.5848 -0.0727 0.5371 1.1588 1.2666 1.0516 0.311 -0.3671 -0.4536 -0.306 0.3938 1.2889 0.5627 -0.0213 -0.0096 0.2816 0.5485 0.7897 0.5426 0.6671 1.3206 1.7898 2.1964 2.5662 2.8983 3.2217 3.4656 3.6657 3.8012 3.9124 4.04 4.1958 4.3789
2.5113 2.4913 2.3982 2.3753 2.3011 2.1803 2.0928 1.9653 1.8527 1.7395 1.5818 1.292 0.9045 0.4791 -0.0076 -0.4074 -0.7849 -1.1018 -1.6393 -2.1736 -2.4576 -2.7792 -2.6957 -1.8157 -1.0615 -0.814 -0.3818 0.2826 0.8824 1.0493 0.6351 0.2536 0.0816 0.01 -0.1803 -0.2383 0.2341 0.7918 1.1446 1.1786 0.7137 -0.027 -0.4701 -0.575 -0.5074 0.1048 1.2063 0.8184 0.1687 -0.0893 0.2019 0.6037 0.8846 0.698 0.7891 1.3583 1.6429 2.057 2.4052 2.7374 3.0031 3.243 3.4206 3.5096 3.6472 3.7572 3.9196 4.0729
1.959 1.8226 1.7177 1.6853 1.6167 1.5612 1.487 1.3891 1.2983 1.2712 1.1053 0.7757 0.4188 0.01 -0.3966 -0.7922 -1.1193 -1.4435 -1.7502 -2.1422 -2.3891 -2.51 -2.564 -2.2259 -1.4997 -0.9759 -0.4665 -0.172 0.3745 0.9479 0.8357 0.3908 0.173 0.1369 0.2118 0.1869 0.6188 0.8726 1.0298 0.6716 0.2323 -0.1001 -0.4746 -0.5176 -0.4326 -0.1075 0.93 0.8483 0.5359 0.216 0.1787 0.5534 0.9589 0.8156 0.9247 1.3184 1.5686 1.9204 2.2598 2.5401 2.8064 2.9601 3.1411 3.1844 3.3802 3.4725 3.6632 3.7974
1.3118 1.1447 1.0967 1.0767 1.0493 1.0057 0.9274 0.813 0.7867 0.834 0.6697 0.3591 0.0119 -0.311 -0.6988 -1.1279 -1.4702 -1.7352 -1.9958 -2.2329 -2.3674 -2.361 -2.1787 -1.926 -1.5809 -1.0538 -0.4181 -0.2727 0.0306 0.7331 0.7346 0.5467 0.344 0.3151 0.4273 0.4427 0.8875 0.8496 0.6827 0.3227 0.0756 -0.1413 -0.2681 -0.2547 -0.3 -0.2525 0.5561 0.9091 0.717 0.4097 0.3013 0.611 1.0267 0.9754 1.0405 1.2401 1.3989 1.7295 2.0302 2.29 2.4609 2.5777 2.8038 2.8381 3.0967 3.1912 3.3701 3.473
