public/V.asc
NCOLS 221
NROWS 89
XLLCORNER 89.8750000
YLLCORNER -11.1250000
CELLSIZE 0.2500000
NODATA_VALUE -999.0000000
[rows 0 to 26 of 89, columns 59 to 117 of 221]
1.5300438 1.5551647 1.6791213 1.7779571 1.9146800 1.8113142 1.7145374 1.4711542 1.1940020 0.8324277 0.2390009 -0.5249176 -0.6254007 -0.0933345 0.4049627 1.1791767 2.3199069 3.2312555 4.1508403 4.7800951 5.0531292 5.3706393 5.6490269 6.0023651 6.1481476 6.1460886 6.1810932 6.2152739 6.3902955 6.4858370 6.6275015 6.8268204 7.0240803 7.2007494 7.3617692 7.4762540 7.5153766 7.5446157 7.4783134 7.3901844 7.2390480 7.1109734 6.9516006 6.8148780 6.7456927 6.7115121 6.6752720 6.4623632 6.3981199 6.2515135 6.0925527 5.9723024 5.8483458 5.8129296 5.7799845 5.9418278 6.2045665 6.0620780 5.6374960
1.8578494 1.8335522 1.9587443 1.9274462 1.9138564 1.7594254 1.6091125 1.3550221 1.0716927 0.7731262 0.1422242 -0.2230565 -0.2494128 0.1586968 0.7113538 1.4069109 2.0328712 2.8190277 3.4136899 4.0680656 4.7397375 5.0893688 5.3776402 5.6527333 5.8219895 5.9653015 6.0192494 6.1831522 6.3659983 6.5661411 6.7946987 6.9137135 7.0026660 7.1410360 7.2341065 7.3737121 7.5590291 7.6158600 7.5281429 7.3959498 7.1628623 7.0603199 6.9359517 6.9273033 6.8568830 6.8054061 6.7584591 6.6196771 6.5896144 6.3569384 6.2259808 6.0855517 6.0641375 6.0933762 6.3141098 6.5134287 6.0134840 5.5884900 4.8216887
1.7586018 1.9167391 2.1304715 2.1139989 1.9546261 1.6852984 1.3315486 1.0543965 1.0132149 0.8386049 0.7134129 0.5993399 0.7224728 1.1042262 1.5736964 2.0748763 2.5690556 2.9685168 3.4820514 4.0240011 4.6400776 5.1169605 5.3854647 5.5024204 5.6869140 5.8874683 6.1275568 6.3491139 6.5134287 6.6859794 6.7806969 6.7819324 6.7926397 6.8461757 6.9672499 7.1743932 7.3774185 7.4919033 7.4577227 7.3061743 7.0953245 7.0776162 7.0327282 6.9956651 6.9343042 6.8902402 6.8189960 6.7156301 6.5105457 6.2700453 6.2173328 6.0707264 6.1716213 6.3519964 6.5924973 6.4537153 5.8022223 4.4811168 3.8386841
1.5514584 1.8080196 1.9439189 2.0044558 1.8298459 1.4447980 1.0531610 0.9213799 1.2924261 1.6684140 1.7054775 1.7281274 1.9439189 2.2136583 2.5221086 2.9401016 3.2349617 3.4165726 3.6920776 4.1636066 4.6763177 5.1041942 5.2730389 5.4147034 5.6284361 5.8932338 6.1382642 6.3071089 6.4166517 6.4701877 6.4528913 6.4388900 6.5299010 6.6423268 6.9079480 7.1686277 7.3424139 7.4021273 7.3238821 7.1764522 7.1393886 7.1245632 7.1159153 7.0290222 6.9684849 6.8708849 6.7156301 6.5476093 6.3668222 6.1810932 6.0023651 6.0727854 6.2749872 6.4331245 6.3754702 5.8162241 4.6277232 3.5327048 4.4041071
2.0925844 1.8842056 1.5358093 1.6276443 1.6597660 1.4077345 1.1412896 1.4196773 2.1881258 2.8227341 2.9018028 2.9038618 3.0525274 3.2123120 3.4556952 3.8217995 4.2006702 4.4613495 4.6775532 4.9155827 5.0267730 5.1527886 5.2845697 5.5024204 5.6881495 5.9965997 6.1950946 6.2371001 6.2416301 6.2165093 6.1959186 6.2634563 6.4380660 6.6550932 6.9948411 7.2732291 7.3873019 7.3708291 7.2662282 7.1101499 7.1616268 7.0726748 7.0817347 6.9964886 6.8638840 6.6715660 6.4870725 6.3062849 6.0114250 5.8747020 5.9673605 6.2058020 6.1831522 6.2955780 5.6881495 4.3962827 3.7291410 4.9790025 6.8041706
1.6655313 1.3286659 1.2125338 1.3892028 1.4106172 1.3080751 1.7165965 2.4002109 3.2184892 3.6636622 3.6863122 3.7476728 3.7905016 3.9099281 4.1911983 4.5573030 4.8657532 4.9382324 5.0131831 4.9987693 5.0580711 5.2260919 5.3805227 5.6234941 5.9673605 6.2926950 6.3902955 6.3540559 6.2663388 6.2457480 6.3276997 6.4994268 6.7720490 7.0512600 7.3111157 7.4733715 7.5454392 7.4750185 7.3494148 7.0582609 7.0043130 6.8696494 6.8305268 6.7201600 6.5789070 6.3968844 6.2045665 6.0151310 5.8228130 5.9117656 6.0876107 6.1724448 6.0612545 5.7771015 4.8093343 3.4643433 3.6422479 6.2436891 7.3345895
1.1775295 0.9119081 0.9847996 1.0951662 1.3327841 1.7231855 2.4253318 3.2378445 3.8267415 3.6978431 3.6970193 3.8650403 3.9861140 4.2056122 4.5729518 4.8628702 4.9089937 4.9645886 4.9888859 5.0189486 5.1569066 5.3500485 5.5316591 5.7651591 6.1003771 6.3639393 6.4623632 6.4018264 6.3326411 6.4652462 6.6040282 6.8432932 7.0990310 7.3238821 7.4564872 7.5825028 7.5326729 7.4371314 7.1303287 6.8268204 6.6950393 6.4586568 6.3618803 6.1860347 6.0941997 6.0591955 5.8969402 5.8491693 5.7544518 5.8569937 6.2671628 6.2202153 5.2417407 4.7203817 4.0651827 3.3267968 5.2672734 7.0562019 6.9977241
0.8942001 0.7418282 0.7924815 1.1001080 1.5984054 2.2231300 2.9701643 3.6344233 3.7468491 3.6315405 3.7283173 3.8716292 4.0824790 4.3324513 4.6833186 4.7809191 4.8249831 4.8900499 4.9234071 5.1107836 5.2709799 5.4974785 5.7231536 5.9216490 6.1254978 6.3552914 6.4743061 6.4215937 6.4722471 6.5990863 6.7662835 7.0290222 7.2534618 7.3914199 7.5104351 7.4058337 7.3432374 7.0747337 6.7650480 6.4870725 6.2828116 5.9488287 5.7359200 5.6169052 5.7243891 5.6996803 5.7400384 5.7103872 5.7153292 5.9340034 6.3911190 5.2956886 4.1088352 3.7797942 3.2427864 4.7780361 6.5513158 6.7798734 6.6225595
1.0053904 0.8542539 1.0222749 1.4732133 2.1275887 2.5690556 3.1225362 3.3832157 3.5055249 3.7966788 3.8971620 4.1257195 4.3666320 4.5531845 4.7438555 4.7751536 4.7866845 4.8571048 5.0836034 5.2709799 5.4810061 5.6860905 5.8697600 5.9801269 6.1390877 6.2556319 6.3754702 6.4936614 6.5455503 6.6439743 6.8054061 7.0475535 7.2312236 7.3181167 7.2505789 7.1443305 6.9087720 6.6410913 6.3149333 6.0221319 5.7145057 5.4332352 5.2429762 5.3735218 5.4810061 5.5757236 5.6169052 5.5670753 5.6255531 5.9772444 5.7009158 4.3060951 3.3922756 3.1023571 4.4255219 5.9389453 6.2037430 6.1617379 6.4174752
1.4369735 1.4888623 1.6704731 2.1312952 2.6810694 2.9059210 3.1118288 3.3823919 3.6743696 3.9655232 4.2360864 4.5033550 4.6940255 4.8393970 4.9155827 4.9069347 4.9361734 5.1128426 5.3393412 5.5534854 5.7721601 5.8697600 5.9751849 6.0073066 6.0863752 6.2008600 6.3334651 6.4516563 6.4986033 6.5896144 6.7514582 6.9421287 7.0640264 7.0162559 6.8980646 6.6489158 6.4145927 6.0904937 5.7573342 5.4517670 5.1676140 5.0885453 5.1334333 5.3199859 5.4204688 5.5151868 5.4497080 5.3607559 5.4867716 5.6988564 4.6627278 3.7497318 3.2604945 4.1920218 5.5164223 5.7972808 5.7095637 5.8911748 6.3178158
2.1189406 2.2194238 2.4801033 2.7869060 3.1373615 3.4585779 3.6060081 3.7818534 4.0795965 4.3151550 4.6071324 4.7426200 4.8315721 5.0189486 5.0415983 5.0658956 5.0856628 5.2709799 5.5921965 5.8178716 5.9529471 6.0122485 6.0629020 6.0505476 6.0818453 6.1547370 6.2836351 6.3532319 6.3952374 6.4323006 6.6110287 6.7222190 6.7065701 6.6139116 6.3433485 6.0983181 5.8347559 5.4987140 5.2017946 4.9497633 4.9234071 5.1412578 5.2808633 5.4340591 5.4945960 5.4068789 5.3187504 5.2788043 5.4369416 5.3113379 4.2290854 4.0524163 4.4008126 5.0658956 5.3043370 5.3998780 5.6675587 5.9830098 6.3161688
2.4245081 2.5925291 2.8433249 3.1987221 3.5994189 3.9968214 4.2426753 4.3863993 4.5367122 4.6849656 4.7908025 4.8513393 4.8698711 5.0621891 4.9617062 4.9048753 4.9604707 5.3142204 5.6725001 5.8784084 6.0044241 6.0550776 6.0719619 6.0884342 6.1012006 6.1489716 6.1938591 6.2436891 6.3062849 6.3462315 6.3754702 6.4343600 6.3198752 6.0278974 5.7388029 5.4468250 5.1733794 4.9868269 4.7574453 4.8200412 5.0238905 5.3393412 5.4723577 5.5085979 5.3825817 5.2631555 5.2318573 5.2475061 5.4068789 5.4126444 5.0345974 5.0300674 4.8571048 4.8171587 5.0280085 5.3726983 5.6469679 5.9793034 6.4751296
2.4273908 2.7827880 3.1595995 3.5718272 4.0717716 4.2533827 4.4839997 4.5717163 4.7331481 4.9361734 5.0728965 5.0914283 5.0115356 4.8871675 4.7146163 4.7339721 5.0065942 5.4324117 5.7515688 5.8969402 5.9723024 6.0278974 6.0336628 6.0534301 6.0563130 6.0756683 6.1333222 6.2300992 6.3169923 6.3355241 6.2770462 6.2037430 5.9887748 5.5621338 5.1898522 4.9056993 4.7467380 4.7174993 4.8266306 5.0230665 5.3249278 5.4917130 5.5172458 5.3755813 5.1976767 5.1062536 5.1527886 5.2965126 5.3871121 5.4361181 5.3171034 5.0201840 4.8015099 4.8900499 5.1569066 5.4480605 5.8326969 6.3268757 6.6752720
2.2194238 2.8474431 3.5327048 4.0651827 4.6627278 4.8179822 4.8814020 4.7660937 4.8159232 4.9958868 5.1606131 5.2038536 5.1235499 4.9625297 4.8385730 4.9860034 5.3969955 5.7692771 5.9636540 6.0398402 6.0571365 6.0583720 6.0571365 6.0250149 5.9945402 5.9916577 6.1012006 6.2593379 6.3462315 6.3169923 6.1967421 5.9138246 5.5876665 5.2318573 4.9197006 4.7203817 4.6656103 4.7409725 4.9773550 5.1812038 5.3648739 5.3442831 5.3228688 5.2153845 5.1050181 5.0687780 5.1441407 5.2973361 5.2993951 5.1091361 4.7389135 4.5025315 4.5531845 4.7154403 5.0053587 5.4212928 5.9529471 6.3384066 6.5064278
2.2741952 3.2007811 4.0062933 4.7183228 5.1824393 5.2886877 5.2738624 5.2232094 5.2195029 5.3051605 5.3228688 5.3343997 5.3022780 5.2417407 5.2417407 5.5777826 5.9331799 6.0991416 6.1880941 6.1695623 6.1625614 6.1423821 6.1119080 5.9809504 5.8796439 5.8804674 5.9681840 6.0925527 6.0876107 5.9772444 5.6675587 5.3306932 4.9617062 4.7446790 4.5523610 4.5544200 4.5573030 4.6371951 4.8229241 4.9460568 5.0572472 5.0786619 5.1548476 5.1511412 5.2956886 5.3578730 5.4184098 5.4694753 5.0609536 4.5017076 4.0326495 4.0824790 4.2204375 4.5865417 4.9909449 5.4867716 5.9167070 6.2408066 6.2906361
2.6402996 3.6286578 4.4448771 4.9781785 5.1733794 5.4126444 5.4859476 5.5921965 5.5963144 5.6354370 5.6576748 5.4966550 5.3591084 5.4995375 5.8454633 6.2107439 6.3355241 6.4487734 6.3705282 6.3355241 6.2712808 6.2309227 6.1197324 5.8767610 5.6959739 5.6119633 5.6704412 5.6420259 5.5835481 5.3014541 4.9489398 4.6421371 4.2846808 4.0853620 4.0561228 4.0717716 4.1599007 4.2546182 4.3588076 4.4646444 4.6215463 4.7953324 4.9555287 5.0992527 5.2133255 5.3784637 5.4838886 5.1420813 4.2846808 3.4507535 3.2094293 3.5182912 4.1706076 4.5503020 4.9019928 5.3179269 5.6255531 5.9060001 5.8034577
3.7106092 4.1557822 4.7730942 4.8785191 5.0807209 5.4204688 5.6617932 5.7585697 5.7194476 5.7458038 5.4801822 5.2195029 5.2594490 5.7849259 6.3054614 6.6373849 6.7555761 6.6765075 6.5933208 6.4360070 6.3532319 6.1502070 5.9117656 5.6169052 5.3764048 5.2565660 5.1293154 5.0885453 4.8443384 4.5544200 4.2562652 3.9918795 3.7484963 3.6443069 3.5994189 3.5994189 3.6863122 3.8061504 3.9058101 4.0318255 4.2916818 4.5902481 4.8249831 4.9790025 5.0827799 5.2495656 5.1853223 4.6606688 2.7057784 1.8875002 2.1873021 3.1196535 3.8110924 4.3600430 4.7146163 5.0728965 5.3805227 5.4155273 5.3463421
4.5688338 4.9888859 4.8814020 4.8962274 5.1754384 5.3871121 5.6333780 5.6403790 5.5971379 5.3434596 5.0708375 4.9584117 5.2318573 6.1745038 6.7065701 6.9536595 6.9594250 6.8754148 6.6394444 6.4792476 6.1889176 5.9068236 5.5613103 5.2260919 4.9958868 4.7846251 4.6520205 4.4106965 4.1648421 3.9243417 3.6813703 3.4734032 3.3375039 3.2477281 3.2390800 3.2436099 3.3601539 3.4791687 3.6430714 3.8308594 4.1586652 4.4947066 4.7047329 4.9460568 5.0642481 5.1363158 5.0473638 3.4408698 1.2273592 0.6306379 1.3002506 2.3668540 3.4791687 4.0338850 4.4362288 4.7895670 4.9555287 4.9538817 5.0572472
5.2895117 5.2203264 5.0053587 5.0189486 5.2318573 5.2017946 5.2516246 5.2281508 5.2166200 4.9625297 4.9880624 4.9411154 5.6589103 6.5121932 6.8708849 6.9458351 6.9450116 6.8181725 6.5817900 6.2449245 5.9117656 5.5271292 5.1824393 4.8686357 4.6371951 4.4078135 4.1195426 3.8773947 3.6187744 3.3803329 3.2555528 3.0982389 2.9965205 2.9479260 2.9586334 3.0562336 3.1736014 3.4116309 3.5924182 3.9284599 4.2056122 4.4226389 4.4860587 4.7545629 4.8921094 4.9633532 3.8765712 2.0835245 0.4762069 0.2249992 0.7224728 1.5543411 2.7572553 3.6941366 4.0952454 4.3843403 4.5251813 4.6948495 4.9761195
4.9868269 4.9155827 4.9118762 4.9518223 4.9505868 4.6742587 4.6334887 4.6355476 4.6870251 4.9781785 5.0465403 5.4801822 6.3071089 6.5426674 6.5854964 6.6423268 6.6118526 6.4994268 6.2828116 5.9401808 5.5905490 5.1939702 4.8921094 4.7067919 4.4489951 4.1570177 3.8510385 3.4643433 3.1921329 3.1303606 3.0463502 2.9693406 2.9302180 2.9137454 2.9067445 2.9985795 3.2028403 3.4643433 3.8288004 4.2084947 4.3324513 4.2455583 4.2340274 4.2019057 4.2603836 3.4692850 2.2136583 1.1734113 0.1323406 0.3081860 0.4477916 1.0189803 2.1481795 3.1295369 3.5240567 3.8139751 4.2484407 4.4947066 5.0786619
4.4947066 4.4226389 4.4926476 4.5387712 4.4996486 4.1685486 4.0417094 4.1792560 4.6100154 5.1079006 5.5641928 6.0892582 6.3276997 6.2436891 6.2037430 6.1745038 6.1296163 6.0085421 5.7943978 5.6033154 5.3422241 5.1091361 4.8344550 4.7603283 4.5964255 4.2562652 3.7299645 3.2897334 3.1657767 3.2349617 3.2868507 3.2514346 3.2357855 3.1460097 3.0768244 3.1287134 3.3630366 3.7760880 4.2270265 4.3658085 4.3765154 4.0746546 3.8316832 3.6941366 3.2143710 2.2358963 1.3064278 0.7204137 0.1599323 0.1862885 0.3024206 0.8258386 1.8677330 2.4871042 2.7992606 3.1303606 3.6743696 4.3658085 5.2302098
4.4127555 4.2546182 4.2517352 4.3093896 4.3793983 4.3357458 4.3139195 4.4683504 4.8249831 5.2923942 5.7614527 6.0270739 5.9743614 5.8825264 5.7820435 5.6860905 5.6000209 5.5164223 5.4838886 5.4324117 5.2956886 5.0951343 4.9740605 4.9987693 4.8999338 4.4877057 3.9070454 3.5697682 3.5652382 3.6677804 3.6986666 3.5759454 3.5211740 3.4927585 3.5425885 3.6677804 3.9021037 4.2447343 4.5025315 4.4448771 4.1998467 3.8296242 3.4157491 2.8383832 2.3318496 1.6774740 1.0152739 0.7348273 0.3872547 0.1813467 0.4234945 0.8188378 1.3187823 1.6840631 1.9665688 2.4195664 3.2448454 4.3806338 5.2565660
4.3579841 4.4613495 4.4568195 4.4662914 4.5424776 4.6392541 4.6997910 4.8591638 5.1449642 5.4431190 5.7145057 5.8355794 5.7771015 5.6099043 5.4517670 5.3442831 5.2260919 5.1684375 5.2582135 5.3949366 5.4632978 5.3035131 5.0300674 4.8529868 4.7467380 4.5132384 4.2583246 4.1351914 4.0211186 3.8131514 3.6842530 3.6031253 3.7484963 4.0062933 4.1520758 4.2953877 4.4724689 4.6207223 4.5515375 4.2752090 3.7777352 3.4165726 2.8140860 1.5885217 0.7710671 0.3102451 -0.0002641 0.0075604 0.2320001 0.4457325 0.5845145 0.8649611 1.1227579 1.3677884 1.7849580 2.3363795 2.9174519 4.0170002 5.4595914
4.7261472 4.9439979 4.8698711 4.7623873 4.8435149 4.9213481 4.9995933 5.1091361 5.2536836 5.4789467 5.6090808 5.6568513 5.4859476 5.2907472 5.1420813 4.9596472 4.8521628 4.9011693 5.0082412 5.0720725 5.0621891 4.9184656 4.6569624 4.3822808 4.1508403 4.0573583 4.1734905 4.1364269 3.9428735 3.7056675 3.5924182 3.8395076 4.2731500 4.6491380 4.8307486 4.9382324 4.9761195 4.6997910 4.3950472 3.9782896 3.4515769 2.7807288 1.9908659 0.8493121 0.0355639 -0.2885353 -0.0949818 0.1784640 0.6784086 0.8699030 0.9547370 1.1314061 1.2673054 1.4011455 1.9665688 2.8754466 3.4857578 3.9811723 5.4645333
5.4402361 5.5699582 5.3500485 5.2211499 5.2487416 5.2310338 5.2409172 5.2153845 5.3022780 5.2956886 5.3677564 5.3619909 5.2516246 5.1383753 4.9341145 4.7702117 4.6734347 4.6882601 4.6870251 4.7076159 4.6071324 4.5280638 4.4341698 4.1108942 3.9078691 3.9107518 3.9898205 3.9222827 3.7204928 3.6167152 3.6051843 4.0590057 4.5873652 5.0378919 5.4480605 5.4674158 5.0564237 4.6540794 3.9556398 3.3346212 2.8560913 2.1069980 1.3109578 0.4008446 -0.2963598 -0.0727437 0.2904779 0.6491696 0.9810932 1.0160975 1.2067684 1.4760960 1.6297034 1.7487181 2.5727618 3.6286578 4.6549034 5.0395393 5.7330375
6.0134840 5.9117656 5.6980329 5.6980329 5.7692771 5.7565107 5.6440849 5.5777826 5.3492250 5.3220448 5.2808633 5.3315167 5.2495656 5.0815444 4.7953324 4.6635513 4.5993080 4.6462550 4.6470785 4.6421371 4.5935426 4.5729518 4.4848232 4.2377338 4.1990228 4.1891394 4.0639472 3.9733479 3.6323643 3.4956412 3.8045032 4.2719145 4.7936850 5.3607559 5.7182121 5.6716766 5.2524481 4.1833739 3.2184892 2.2181883 1.9233282 1.4233836 1.0189803 0.2455900 -0.1320452 0.0775691 0.4206118 0.6969402 0.9633852 1.0144503 1.0552201 1.2817189 1.5337502 1.7351283 2.5258148 3.7406719 4.9011693 5.4048200 5.6453204
6.1802692 6.0777273 6.0797863 6.1930356 6.2926950 6.2300992 6.0826693 5.8796439 5.6432614 5.3883471 5.3529310 5.3871121 5.2701564 5.1420813 4.6890841 4.6186633 4.7652698 4.8216887 4.8933444 4.8855200 4.9028163 4.9077582 4.8949919 4.8443384 4.7875080 4.6413131 4.5074730 4.1833739 3.8481557 3.8386841 4.2262030 4.6128979 5.0543647 5.4632978 5.4011135 5.3640504 4.7623873 3.6706631 2.1547687 1.2425964 1.1804122 0.9605024 0.7661253 0.5453920 0.1677568 0.1109262 0.4412026 0.5375675 0.7340037 0.7397691 0.6149889 0.7134129 1.0766345 1.3072515 2.1411788 3.3618011 4.7866845 5.3813467 5.4702988
