public/V.asc
NCOLS 221
NROWS 89
XLLCORNER 89.875
YLLCORNER -11.125
CELLSIZE 0.25
NODATA_VALUE -999
[rows 32 to 63 of 89, columns 72 to 143 of 221]
5.6703 5.4579 5.2475 4.9569 4.5917 4.1944 3.7432 3.3879 3.1218 2.8284 2.5531 2.4961 2.4217 2.1793 2.0038 1.9179 1.7298 1.0682 0.6762 0.3416 0.1404 0.1223 0.2421 0.276 0.2334 0.3086 0.5587 0.4402 0.2296 0.0966 0.0261 0.123 0.2644 0.3194 0.2753 0.1637 0.0648 0.1152 0.0397 0.507 1.5779 2.7437 3.8284 4.695 5.2666 5.62 5.8056 5.6385 5.1993 4.3553 3.3513 2.3712 1.7493 1.6536 1.9887 2.6007 3.6509 4.4804 4.7785 4.2449 3.2166 2.3939 2.0209 2.0455 2.5487 3.2249 3.7828 4.599 5.9631 7.6419 8.8774 9.4474
5.8797 5.6465 5.4286 5.1078 4.6879 4.129 3.6524 3.2217 3.0034 2.8051 2.5853 2.5475 2.4379 1.9608 1.2307 1.0724 1.1094 0.7321 0.5274 0.2937 0.1429 0.1398 0.2857 0.3567 0.3167 0.3253 0.411 0.3237 0.1146 -0.0399 0.1541 0.2457 0.3089 0.3232 0.2093 0.1043 0.1292 0.1806 0.1531 0.6275 1.822 3.236 4.2804 4.9733 5.5749 5.977 6.0314 5.7804 5.1296 4.193 3.0455 2.0837 1.4535 1.2448 1.3189 2.0511 3.3045 4.6927 5.02 4.3542 3.2517 2.4022 1.9807 2.0166 2.5414 2.9555 3.401 4.2637 5.9818 7.8261 9.2379 9.697
6.0681 5.8488 5.5959 5.2477 4.6902 4.1176 3.4312 2.9758 2.8903 2.8308 2.6369 2.6072 2.5188 1.7473 1.0132 0.685 0.5954 0.4779 0.4351 0.2415 0.1792 0.1406 0.1429 0.2133 0.2788 0.2992 0.2406 0.1694 0.0149 -0.0663 0.0814 0.2281 0.2953 0.2913 0.1801 0.2038 0.2192 0.2423 0.2815 0.8034 2.3671 3.7877 4.5874 5.2507 5.8763 6.2552 6.2906 5.7891 5.0575 3.9101 2.7598 1.7129 1.0172 0.6962 0.7368 1.6207 3.2525 4.8019 5.6149 4.95 3.4184 2.3703 1.8265 1.9503 2.4974 2.8365 3.1709 3.7725 5.4872 7.8157 9.3223 9.8238
6.2236 6.0497 5.7814 5.37 4.8124 3.7706 3.0444 2.5069 2.5686 2.691 2.4932 2.4616 2.3885 1.6289 1.023 0.7002 0.3068 0.1711 0.224 0.236 0.2055 0.0116 0.0063 0.0206 0.0878 0.1281 0.0689 0.1171 0.1041 0.0528 0.0974 0.2422 0.3879 0.3911 0.3542 0.4429 0.5358 0.5876 0.5591 1.165 2.7335 4.1116 4.8963 5.3861 6.075 6.5075 6.4508 5.87 4.8765 3.7183 2.3905 1.3368 0.6464 0.343 0.2285 1.1094 2.9185 5.2139 6.0581 5.5942 4.0528 2.2698 1.7313 1.9011 2.3936 2.7024 2.5754 3.1918 5.2051 7.556 9.3811 9.7992
6.385 6.2249 5.9531 5.5405 4.6234 3.5816 2.0657 1.4687 1.8912 2.1592 2.0858 2.1018 2.015 1.4852 0.8789 0.6861 0.2647 0.076 0.102 0.2596 0.2249 -0.005 -0.1017 -0.0877 0.0091 0.0558 0.002 0.093 0.1956 0.251 0.2754 0.3721 0.5178 0.6373 0.6156 0.8809 1.1144 1.2448 1.1334 1.7292 2.8307 4.2088 4.8823 5.2948 6.1757 6.7354 6.5238 5.8135 4.7954 3.4314 2.1036 1.0468 0.3768 -0.0173 -0.1897 0.6014 2.6646 5.0949 6.9035 6.4395 4.1711 2.1831 1.5096 1.8291 2.3561 2.3908 2.1705 2.5615 4.5749 7.51 9.4819 9.6379
6.5663 6.3549 6.0928 5.6205 4.5411 2.5508 0.9124 0.4269 0.8994 1.2566 1.499 1.5203 1.3543 0.9046 0.6537 0.4946 0.4228 0.2606 0.1966 0.2902 0.1855 0.1536 0.0562 0.0029 0.0925 0.1571 0.084 0.135 0.3479 0.4596 0.5824 0.6756 0.6342 0.7282 1.0284 1.3789 1.7148 1.8395 1.7884 2.0243 2.9732 3.9829 4.7702 5.1862 6.1328 6.815 6.4529 5.7085 4.5669 3.1924 1.8529 0.8301 -0.1057 -0.6063 -0.415 0.2901 2.4291 5.095 7.0423 7.1588 4.8995 1.884 0.9193 1.7224 2.3805 2.1996 1.88 2.1696 3.4206 6.2481 9.1761 9.3642
6.7036 6.444 6.2493 5.6443 3.6728 1.5475 0.5004 0.2351 0.2834 0.4628 0.7057 0.8638 0.6762 0.4181 0.2046 0.1935 0.353 0.3801 0.2495 0.2179 0.2912 0.318 0.2597 0.1763 0.1557 0.1554 0.2814 0.4616 0.7291 0.8737 1.0056 0.9854 0.874 0.9002 1.2646 1.7335 2.0085 1.8938 2.0061 2.1604 2.8115 3.6536 4.0277 4.4568 6.0248 6.6726 6.3396 5.534 4.3625 3.0645 1.6802 0.3879 -0.7843 -0.9518 -0.413 0.0995 2.1346 4.7467 7.2692 7.5117 4.9402 1.6916 0.6622 1.7528 2.2516 1.9325 1.5899 1.667 2.7782 5.3405 8.3714 8.7177
6.719 6.5528 6.3812 5.5724 3.3473 1.3564 0.688 0.6243 0.5081 0.4767 0.3843 0.486 0.3621 0.2142 0.0552 -0.0087 0.2031 0.3431 0.2103 0.102 0.2223 0.3148 0.3716 0.3369 0.2513 0.3096 0.5822 0.7787 0.9185 1.0943 1.1525 1.054 0.9916 1.0985 1.3857 1.7724 1.7746 1.544 1.5778 1.9491 2.6591 3.1301 3.1611 3.6843 5.9698 6.5302 5.9489 5.262 3.9217 2.5647 1.3303 0.3363 0.0094 -0.06 -0.182 -0.2137 1.4116 3.4591 6.6314 7.7707 5.0846 1.2209 0.2217 1.6586 2.6404 2.2438 1.7773 2.4393 4.5566 6.9364 7.9836 7.8287
6.829 6.5832 6.3327 5.5571 3.3286 1.4251 0.8525 0.6716 0.4482 0.4072 0.3337 0.3123 0.1835 0.2406 0.2673 0.1863 0.2447 0.3002 0.3228 0.0895 -0.0292 0.0231 0.1684 0.2449 0.271 0.3874 0.4048 0.6184 0.7745 1.0427 1.0407 0.8857 0.8959 1.2006 1.6108 1.6936 1.6002 1.5868 1.6323 2.2258 2.8689 3.0947 3.0297 3.6354 5.8002 6.1314 5.6262 4.9002 2.8052 1.0725 0.1704 -0.046 0.4424 0.8801 1.1334 1.1224 1.376 2.2261 4.9728 6.3668 4.1702 0.5869 -0.4858 0.7885 2.3685 2.3104 2.103 3.6812 5.8665 6.9469 6.8934 7.3215
6.8299 6.6675 6.5498 5.7085 3.4261 1.4532 0.6892 0.4054 0.0756 0.0351 0.1326 0.0198 -0.0742 -0.0513 0.063 0.3326 0.5295 0.5327 0.4727 0.3163 0.273 0.2278 0.2953 0.4121 0.5256 0.5878 0.5084 0.7792 0.7661 0.8071 0.8693 0.9287 1.0355 1.3702 1.7509 1.9133 1.9078 1.6345 2.1219 3.9791 5.4707 5.5748 5.0261 5.1924 5.3949 5.1932 5.1343 4.2852 2.2286 1.4195 1.1206 0.8878 0.781 1.0191 1.0952 0.919 0.8913 1.4345 2.7526 3.938 3.592 1.6477 1.3017 1.7874 2.2949 2.4306 2.7111 4.3657 5.9152 6.037 6.2744 7.1622
6.8211 6.7952 6.6927 5.9843 3.7437 1.602 0.7235 0.3427 0.0183 -0.0007 0.071 0.047 0.0453 0.1122 0.3572 0.6251 0.6872 0.5986 0.6057 0.5374 0.5126 0.5699 0.749 1.0136 1.0804 0.8565 0.7723 0.8136 0.663 0.6113 0.6401 0.7639 1.0924 1.4525 1.6838 1.8683 2.0687 1.8846 2.7201 5.3467 6.7352 6.4982 5.8866 5.1837 4.8071 4.5344 4.6611 3.7508 2.0956 1.5539 1.9917 1.7219 0.6301 0.1847 -0.1537 -0.1069 0.3033 1.7456 3.0701 4.1304 3.8385 2.4785 2.0773 2.0873 2.472 3.6274 4.4841 5.4427 5.3416 5.3823 5.9385 6.7202
6.8765 6.8999 6.8053 6.2538 4.3645 2.2065 0.8776 0.432 0.2209 0.0541 0.0328 0.1721 0.1924 0.4682 0.7313 1.0591 1.1553 0.9415 1.0033 1.0479 0.9924 0.9996 0.8732 1.0916 1.0099 0.8325 0.6983 0.6559 0.5976 0.5321 0.5998 0.8875 1.2094 1.4405 1.6824 1.9291 2.0454 2.2931 4.5274 6.6445 6.8456 6.5706 5.9503 5.2227 4.4383 4.0388 3.857 2.964 1.3341 0.1277 0.4456 0.1735 -0.6888 -0.9617 -0.7837 -0.2938 0.2525 1.5987 2.7522 3.7581 3.5929 2.4984 3.0842 3.5555 4.0709 5.1486 5.6471 4.697 4.5396 4.8931 5.5841 6.6135
6.9296 7.0114 6.9928 6.4683 4.5641 2.465 1.1726 0.7248 0.4966 0.2951 0.3089 0.4397 0.4559 0.7382 1.2349 1.5694 1.4917 1.2021 1.0783 1.2259 1.1737 1.0438 0.9222 0.8619 0.7816 0.7471 0.6284 0.7113 0.7223 0.6667 0.8269 1.0997 1.3184 1.5572 1.7967 2.0808 2.1575 2.6132 5.4117 6.8939 7.0951 6.5178 5.8933 4.9161 4.0427 3.2957 2.7935 1.9155 0.7021 -0.4858 -0.5669 -0.801 -0.7963 -0.8255 -0.336 0.2775 0.6109 1.1559 2.321 3.4804 3.3711 4.2945 5.3886 5.9958 6.4404 6.7682 5.6086 4.6479 4.1302 4.4992 5.5369 6.5809
6.9595 7.053 7.2543 6.6671 4.6636 2.5644 1.5811 1.1683 0.7534 0.5898 0.7565 0.9232 0.9165 1.1454 1.6422 1.8618 1.7205 1.261 0.9546 1.0771 1.206 1.0697 1.0862 1.0259 0.9563 0.9327 0.7918 0.8847 0.8687 0.7931 0.9556 1.0931 1.3115 1.6546 1.8726 2.3106 2.4767 2.7863 5.9081 7.2139 7.0498 6.4726 5.704 4.6869 3.432 2.4008 1.931 0.9676 -0.1029 -0.3859 -0.4669 -0.1408 -0.0522 -0.0174 0.3025 0.778 0.7339 1.1253 2.4572 3.617 4.1817 5.4355 7.7487 8.0734 8.1571 7.2599 5.9041 4.166 3.6481 4.5089 5.5887 6.4626
6.9721 7.059 7.3069 7.1781 5.2078 3.2928 2.2586 1.4725 0.9695 0.8254 1.1461 1.3635 1.2577 1.4696 1.9399 2.1627 1.9632 1.4978 1.1911 1.2104 1.4866 1.4539 1.4943 1.4036 1.3429 1.1725 0.9932 0.9087 0.8539 0.7547 0.8898 1.0337 1.4114 1.7936 2.0739 2.5838 2.768 3.1054 6.0864 7.1268 6.9584 6.3145 5.5264 4.3935 2.9634 1.615 1.2851 0.2969 -0.2149 -0.3483 -0.0038 0.3598 0.218 0.1288 0.2398 0.6318 0.5311 0.8794 2.367 3.6306 4.0483 5.4261 8.6352 8.9001 8.4108 7.438 5.4091 3.6221 3.4696 4.4326 5.4912 6.3043
6.9323 7.1047 7.084 7.3486 6.9244 5.1471 3.1063 1.7272 1.1617 1.1643 1.448 1.3989 1.2938 1.498 1.9746 2.1893 2.0383 1.8619 1.6463 1.655 1.8048 1.6225 1.4869 1.3256 1.2341 1.0356 0.8983 0.9108 0.815 0.6226 0.8679 1.3416 1.741 2.089 2.4907 2.9454 3.0305 3.834 6.2152 7.1834 6.8348 6.1891 5.3549 4.1998 2.5154 0.9462 0.5195 0.2126 -0.1251 -0.3159 -0.0168 0.5035 0.4676 -0.1992 -0.3215 -0.0669 0.2146 0.4774 1.5351 2.8459 3.74 4.945 8.2259 8.6621 8.1544 7.3769 5.0983 3.2028 3.1811 4.4609 5.5094 6.0486
6.8568 7.0678 7.0656 7.0603 7.244 6.7044 4.8809 2.9275 1.9519 1.4277 1.7435 1.5202 1.3156 1.4199 1.6849 1.8335 1.7098 1.5532 1.4838 1.3861 1.3049 1.1754 1.1606 1.235 1.3284 1.328 1.1376 0.9774 0.724 0.6778 0.9101 1.3885 1.9413 2.3772 2.6847 2.9392 4.1118 6.0572 7.1688 7.0069 6.5983 6.0356 5.1707 3.8854 2.1806 0.6306 0.1457 0.0674 -0.2807 -0.4598 -0.0556 0.538 0.4106 -0.4173 -0.4061 0.351 1.276 1.4715 2.3391 4.0207 5.4643 6.0695 7.7869 7.9894 8.4027 7.4807 4.5042 2.5445 2.8512 4.3096 5.3798 5.6539
6.9272 6.9165 7.1001 7.057 7.0171 6.9661 6.3528 5.1545 3.7014 1.6469 1.7932 1.9391 1.6057 1.557 1.5915 1.5598 1.6037 1.57 1.7181 1.5665 1.622 1.6084 1.5174 1.4614 1.4679 1.4083 1.2664 1.1498 0.8178 0.7414 0.7341 1.1959 1.8385 2.2022 2.5064 3.7662 6.1165 7.285 7.1789 6.9035 6.5554 5.9318 4.931 3.4883 1.7204 0.3344 0.0898 0.0045 -0.2576 -0.2378 -0.1305 -0.2057 -0.3853 -0.1995 0.5294 1.552 1.7527 1.6764 2.02 2.8043 3.7644 4.8948 6.9744 7.9377 8.3129 7.1754 3.7895 1.9452 2.7947 4.4773 5.0342 4.9536
6.828 6.9118 6.9563 7.0726 7.0106 6.8241 6.5027 5.7561 4.2365 1.8177 1.8342 2.034 1.7741 1.659 1.6576 1.6919 1.8455 2.0394 2.2302 2.129 2.1739 2.0078 1.8162 1.7242 1.5956 1.4579 1.259 1.0923 0.9091 0.689 0.6644 0.9846 1.5498 2.3539 3.4812 5.9947 7.4536 7.2885 7.1598 6.9709 6.5212 5.7775 4.6057 3.0557 1.2729 -0.0668 -0.1148 -0.1441 -0.2525 0.2794 0.6806 0.7617 0.6607 1.014 1.0363 1.2876 1.131 1.2601 2.3529 3.5998 4.9834 6.3416 7.2753 7.4695 8.1035 7.2342 3.2269 1.0899 2.1335 3.7698 3.9002 4.1942
6.5948 6.7993 6.858 6.834 6.8676 6.8641 6.5928 5.9501 4.4139 2.0854 1.9863 1.9857 1.8707 1.7548 1.6103 1.5909 1.8629 2.0332 2.2396 2.2834 2.421 2.3433 2.0984 1.9065 1.7993 1.7211 1.5072 1.3211 1.0667 0.823 0.5297 0.7596 1.7062 2.9194 5.219 7.5643 7.5045 7.3358 7.2854 6.9283 6.5377 5.7542 4.4935 2.5922 0.6627 -0.4803 -0.1678 -0.102 0.0246 0.4765 1.1238 1.3499 1.1029 0.9156 0.6129 1.1495 1.9757 2.9629 3.8238 4.7123 5.9249 6.3993 6.6591 6.9466 7.9584 7.3004 4.0071 1.8637 2.2263 3.3929 3.0379 3.4199
6.37 6.5533 6.6537 6.664 6.753 6.7572 6.6579 6.0573 4.7004 2.3058 2.065 1.8513 1.7447 1.8407 1.7251 1.6824 1.8572 2.1082 2.3723 2.5256 2.5489 2.5099 2.3456 2.1702 2.2826 2.2629 1.9483 1.763 1.4201 1.0359 0.7216 1.0945 2.0497 3.2566 5.2203 7.5442 7.472 7.283 7.2651 7.0082 6.6478 5.8506 4.3665 2.4791 0.5329 -0.3208 -0.0831 -0.125 0.1738 0.4671 1.0024 0.6368 0.3435 -0.1486 -0.4428 0.3795 2.7763 4.0129 4.8889 5.6951 5.8306 6.1362 6.5504 6.9602 7.4422 7.1937 4.7929 4.238 4.5563 4.2505 3.748 2.732
5.8266 6.3237 6.3522 6.4219 6.5114 6.5846 6.4878 6.1274 4.8973 2.4114 2.062 1.9157 1.8865 1.9612 1.9338 1.8992 2.0831 2.3566 2.6079 2.7917 2.7909 2.7567 2.5977 2.4331 2.5269 2.7111 2.5498 2.2802 1.8969 1.476 1.1036 1.4899 2.2704 3.4318 4.7776 7.1325 7.3253 7.0704 7.1065 7.1327 6.7679 6.0612 4.6065 2.4429 0.3385 -0.2831 -0.1396 -0.0219 0.5155 0.8072 0.7059 0.3511 0.0118 -0.5613 -0.8885 0.1266 2.678 4.5196 5.4041 5.9192 6.0773 6.2409 6.6451 6.9422 6.9912 6.838 6.3944 5.8559 5.9028 5.5814 3.9186 2.1189
4.6111 5.7443 5.9452 6.0241 6.0992 6.1722 6.2104 5.8766 4.9556 2.6106 2.2029 2.0261 2.0193 2.199 2.1716 2.0943 2.2888 2.5869 2.7831 2.9768 3.0172 2.9725 2.8691 2.7045 2.6037 2.7763 3.0273 2.7674 2.4321 1.9815 1.6078 1.7608 2.5411 4.1058 5.511 6.891 6.7662 6.7501 6.9341 7.0043 6.9082 6.2014 4.8475 2.6081 0.1397 -0.3581 -0.2092 0.2595 0.7405 1.0819 0.9806 1.2389 0.8909 -0.1192 -0.4866 0.291 2.161 4.0805 5.5214 6.0365 6.1909 6.3702 6.6136 6.8514 6.9483 6.912 6.7003 6.9233 6.9703 6.4437 4.7626 2.0788
3.3361 5.1716 5.4631 5.4982 5.5737 5.6404 5.69 5.6781 4.9192 3.3908 2.924 2.529 2.316 2.5688 3.1398 3.041 2.3783 2.6942 2.858 3.1131 3.1833 3.1592 3.0855 2.8682 2.781 2.812 3.1397 3.0276 2.8702 2.4003 1.9912 2.0149 2.4547 4.1079 6.3072 6.8436 6.0361 6.5359 6.6654 6.8884 6.8668 6.6613 5.348 2.8352 0.2003 -0.108 -0.0462 0.3504 0.2919 0.7417 1.8829 2.4069 1.3737 0.1073 0.0188 0.3113 1.6871 3.7817 5.2512 5.8611 5.9158 6.2479 6.5636 6.8243 6.9048 6.9907 7.2654 7.5003 7.6264 7.0488 6.0055 3.487
3.3005 4.8449 4.9635 4.9957 5.0163 5.0613 5.0673 5.0493 5.0837 4.6496 4.2963 3.3894 3.1498 4.1123 4.9365 4.0831 2.6507 2.732 2.8814 3.148 4.054 4.0108 3.2259 2.9124 2.9603 3.0232 3.0558 2.8785 2.9346 2.6909 2.2938 1.9227 2.2351 3.9704 6.4746 6.3129 5.6913 6.1723 6.249 6.6079 6.8406 6.7359 6.04 3.7015 0.745 0.4099 0.2845 -0.2218 -0.3315 0.7046 1.958 1.8355 0.462 -0.3321 0.1157 0.6402 1.1376 3.1471 4.8168 5.5896 5.8847 6.2623 6.5534 6.5997 6.5239 6.7739 7.047 7.2977 7.5282 7.6673 6.8928 4.9529
4.2482 4.4881 4.5087 4.568 4.5399 4.5229 4.5395 4.467 4.4356 4.5036 4.5265 4.3078 4.3493 4.9258 5.1183 4.13 2.8847 2.9582 3.0547 3.6463 5.5661 6.0027 4.6961 3.7187 3.6474 3.6704 3.458 2.6442 2.925 2.9199 2.37 1.9109 2.1998 3.8994 6.1137 5.8899 5.5658 5.6005 5.7251 6.0495 6.3835 6.6251 6.2223 4.5963 1.7753 1.1732 0.5534 -0.2032 -0.0582 1.2867 2.3956 1.7864 0.0245 -0.1118 0.2484 0.8992 1.1671 1.9902 3.6863 4.994 5.4365 5.8246 6.2337 6.4312 6.5668 6.6003 6.8735 7.1495 7.4701 7.7545 7.7303 6.8696
4.0979 4.0744 4.1587 4.188 4.1404 4.0708 4.0376 4.0131 3.9555 3.9302 3.9034 4.1441 4.295 4.3298 4.4358 4.4252 4.3692 4.6486 4.772 5.0519 5.9195 6.362 6.1725 6.1475 6.326 6.1762 5.2309 2.804 2.5775 2.698 2.7103 2.6647 2.7208 3.9024 6.0476 5.9095 5.3356 5.2271 5.1742 5.2712 5.6213 5.906 5.7505 5.0905 3.8726 3.3039 1.892 0.9099 0.3994 1.1215 2.2854 2.1724 0.529 0.014 0.2987 0.7151 0.6888 1.4774 3.1809 4.5976 5.1747 5.5787 6.1874 5.972 6.1565 6.1002 6.4334 6.6914 6.9519 7.2994 7.5917 7.4802
3.7366 3.7698 3.8568 3.8059 3.777 3.7265 3.649 3.6166 3.5347 3.5376 3.5978 3.4943 3.629 3.7756 3.9152 4.0943 4.2588 4.5165 4.9005 5.1941 5.2803 5.624 6.0251 6.202 6.3481 6.3029 5.2685 2.7584 2.2584 2.6927 3.7262 4.5337 4.1886 4.0779 5.7683 5.985 5.438 5.1251 4.7239 4.606 4.6678 4.8408 4.7332 4.2212 3.7715 3.3961 2.0148 1.7627 1.3545 1.4801 2.58 3.4552 2.5141 0.7812 0.2365 0.0977 0.0742 0.8152 2.3553 3.8369 4.4183 4.4877 5.8539 5.8607 5.871 5.9137 6.0164 6.1157 6.3091 6.4897 6.6774 6.5563
3.4528 3.4223 3.4793 3.4718 3.4251 3.3823 3.3305 3.3181 3.2581 3.1679 3.2435 3.2629 3.3511 3.4795 3.5359 3.6707 3.9541 4.21 4.501 4.7187 5.0244 5.2116 5.4724 5.5106 5.6241 5.6991 4.8774 3.1364 3.5656 3.9147 4.6504 5.4416 5.4259 5.5369 6.1473 6.0367 5.6975 5.2091 4.7156 4.1753 4.0782 3.9545 3.8355 3.5804 3.1399 2.65 1.4104 1.032 2.0874 2.7896 3.6678 3.9604 2.9526 1.4381 0.2549 -0.2304 -0.1334 0.2922 1.6892 3.3457 4.0831 3.7475 5.0564 5.6583 5.3418 5.4632 5.4947 5.6182 5.5919 5.613 5.5713 5.3653
3.1559 3.1398 3.0932 3.1045 3.0884 3.0535 3.0776 3.0499 3.0427 3.007 2.9978 3.0854 3.132 3.2175 3.2884 3.422 3.6451 3.8202 4.1216 4.2692 4.4768 4.6725 4.8676 4.9299 5.0106 4.986 4.8536 3.9857 4.4809 4.7943 5.2835 5.5397 5.5935 5.9458 6.284 6.1556 5.9904 5.508 4.9938 4.3827 3.7878 3.6128 3.2276 2.9291 2.5306 2.1 1.2803 0.8525 1.9088 3.7857 4.6475 3.9633 2.9342 1.619 0.1946 -0.1082 0.2292 0.492 1.0497 2.6877 4.212 4.3234 4.7279 5.1285 4.9545 5.1055 5.1062 5.1122 5.0831 4.9243 4.8284 4.6198
2.8649 2.855 2.8 2.7868 2.7724 2.7779 2.7994 2.8259 2.8196 2.877 2.8649 2.9374 2.968 3.045 3.0421 3.1606 3.2798 3.4437 3.683 3.8655 4.0251 4.2383 4.4163 4.4443 4.516 4.6282 4.6317 4.5647 4.7224 5.0033 5.3349 5.5764 5.7697 6.0981 6.2563 6.2587 6.1324 5.8239 5.3674 4.8084 4.2077 3.6334 3.2372 2.6622 2.164 1.7786 1.3281 0.87 1.4865 3.3045 4.1337 3.5165 3.3312 2.2464 0.7972 0.4013 0.5556 0.567 1.0741 1.7203 3.1588 4.3631 4.4783 4.4955 4.6271 4.7004 4.7455 4.7443 4.7466 4.6023 4.4122 4.21
2.5898 2.5878 2.569 2.5451 2.5161 2.5217 2.551 2.6012 2.6092 2.6726 2.7207 2.7426 2.7866 2.8158 2.8129 2.8683 2.9825 3.1173 3.2748 3.5152 3.6412 3.8675 3.9917 4.0198 4.1373 4.2826 4.4214 4.5848 4.661 4.8676 5.2467 5.4934 5.6869 5.9011 6.076 6.2044 6.1069 6.0032 5.736 5.2285 4.7879 4.2138 3.6712 3.0517 2.1921 1.5536 0.9262 0.4182 0.9667 2.5781 3.4069 3.264 3.2354 3.056 1.9566 1.2829 0.5805 0.5659 0.6471 1.2932 2.5622 4.0301 4.0854 4.012 4.246 4.2625 4.3533 4.3634 4.3657 4.4169 4.235 4.0751
