public/V.asc
NCOLS 221
NROWS 89
XLLCORNER 89.8750000
YLLCORNER -11.1250000
CELLSIZE 0.2500000
NODATA_VALUE -999.0000000
[rows 54 to 80 of 89, columns 0 to 58 of 221]
5.6403790 5.6189642 5.6803250 5.8022223 5.8952928 5.9945402 5.9760089 5.9871278 5.9665370 5.9088826 5.8775849 5.8405213 5.7301545 5.6753831 5.5613103 5.4810061 5.4155273 5.2260919 5.0131831 4.7916260 4.6322532 4.5523610 4.5202394 4.4782343 4.4489951 4.4753513 4.5923071 4.6997910 4.9633532 5.1725559 5.5366011 5.8569937 6.1411467 6.4125338 6.6843319 6.7749314 6.9145374 7.0504365 7.4408379 7.3238821 6.0847282 5.9175310 7.0562019 5.4711223 3.1315961 1.5502229 1.1227579 0.7504763 0.3893138 -0.0756264 0.5425093 1.3764366 1.4361498 1.5905808 2.0131040 2.0621102 2.0748763 2.3549111 2.5229321
5.5514264 5.5670753 5.6391435 5.7400384 5.8236370 5.7721601 5.7359200 5.6440849 5.5971379 5.5921965 5.5798416 5.6000209 5.6020799 5.5699582 5.5464845 5.4723577 5.3842292 5.2232094 4.9967103 4.8080988 4.6264877 4.5523610 4.5231223 4.5025315 4.4831758 4.4613495 4.5659509 4.6911430 4.9127002 5.1247849 5.3834057 5.7495098 6.0192494 6.2613974 6.4594808 6.5756125 6.7749314 6.7790499 7.1402125 6.9215379 5.5720172 5.6342015 6.9672499 7.0747337 5.2087955 3.2320790 1.8611439 1.4859796 0.5482747 -0.1176317 -0.0138540 0.9646206 1.3677884 1.3805547 1.7672498 1.9311526 1.9402126 2.2321901 2.3532639
5.5493674 5.5942554 5.6811485 5.7573342 5.7223301 5.6304951 5.4851241 5.3776402 5.3080435 5.3356347 5.3364587 5.4077029 5.4525905 5.4682398 5.4546499 5.4291172 5.3393412 5.2330928 5.0436573 4.8706946 4.6841421 4.6236053 4.5902481 4.5630684 4.5601854 4.5544200 4.6079564 4.7553864 4.8921094 5.1704969 5.3998780 5.6362605 5.8734665 6.0258384 6.2074494 6.2836351 6.4215937 6.5377254 6.6674476 6.8659430 6.7106881 6.7712255 7.0953245 6.9997830 6.6966867 5.3755813 3.1480687 1.9575088 1.2224174 0.5396266 0.4449089 0.8023651 1.2957206 1.3220768 1.4097936 1.6218789 1.8022542 2.0299885 2.1432378
5.5806656 5.6403790 5.7116227 5.6947384 5.5983734 5.4274697 5.2615080 5.1803803 5.1326098 5.1634960 5.2273273 5.2466826 5.3092785 5.3619909 5.3871121 5.3677564 5.2993951 5.2145610 5.0856628 4.9411154 4.8200412 4.7290301 4.6862011 4.6792002 4.7018504 4.7595043 4.7846251 4.9468808 5.0308909 5.1746149 5.3834057 5.5942554 5.7145057 5.7771015 5.8812909 6.0550776 6.1160259 6.3433485 6.2613974 6.4001789 6.6394444 6.7465162 6.7086291 6.7271609 6.9421287 6.7078056 5.1099596 3.0747654 1.8718511 1.3451385 1.0935190 1.0531610 1.1334652 1.4040282 1.5473402 1.4938041 1.6560596 1.8422004 2.0163984
5.5728407 5.6111398 5.6432614 5.5806656 5.4439425 5.2808633 5.1391988 5.0531292 5.0671310 5.0720725 5.1420813 5.1684375 5.1783214 5.2125020 5.2545071 5.2701564 5.2516246 5.2067366 5.1647315 5.0337739 4.9810615 4.8706946 4.8414559 4.8785191 4.9291725 4.9839439 4.9868269 4.9724131 5.1029592 5.2009711 5.3422241 5.4929485 5.6197877 5.6774421 5.6782656 5.8256960 5.9068236 6.0641375 6.2243338 6.2399826 6.2193918 6.2527490 6.4137692 6.6658006 6.7621655 6.6999812 6.2144504 4.5857182 2.7634325 1.6206434 1.1635277 1.0564556 0.9119081 0.9312635 1.3158996 1.4575642 1.5621655 1.6383514 1.8685566
5.4966550 5.4908895 5.4554734 5.3776402 5.2310338 5.1000762 5.0378919 4.9781785 5.0024757 5.0037112 4.9925923 5.0210075 5.0387158 5.0601301 5.0943108 5.1482587 5.1832628 5.1791449 5.1910877 5.1169605 5.1062536 5.0601301 5.0720725 5.1177845 5.1404343 5.1227260 5.1214905 5.0708375 5.1276679 5.2153845 5.3706393 5.4880066 5.5827246 5.6296716 5.6469679 5.6704412 5.7672181 5.8063407 5.8969402 6.0036006 6.1061425 6.1745038 6.2428656 6.3482904 6.5014858 6.5669646 6.1852112 5.7017393 4.1821384 2.4117417 1.3093106 0.5902799 0.3337186 -0.1633432 0.2134683 1.0502783 1.6227025 1.6461760 1.6548241
5.3434596 5.3080435 5.2359753 5.1499062 5.0465403 5.0065942 4.9538817 4.9242306 4.8970509 4.8991098 4.8706946 4.8628702 4.8756366 4.9118762 4.9584117 5.0065942 5.0749555 5.1107836 5.1606131 5.2182674 5.2211499 5.2487416 5.2252684 5.2026186 5.2166200 5.1569066 5.1021352 5.0757790 5.1441407 5.2380347 5.3376942 5.4604154 5.5238347 5.5514264 5.5563684 5.5366011 5.5464845 5.6782656 5.7614527 5.8071642 5.8862329 5.9430633 6.0151310 6.1374407 6.2230983 6.2992840 6.0443702 5.6597342 5.2087955 3.7855597 2.4195664 1.4431508 0.6615241 0.2077029 0.1479896 0.9839759 1.6264088 1.8570257 1.8051369
5.1247849 5.0280085 4.9489398 4.8884029 4.9341145 4.9028163 4.8748131 4.8484569 4.7632108 4.7047329 4.6820831 4.7026739 4.7203817 4.7632108 4.8101578 4.8529868 4.9077582 4.9880624 5.0358329 5.1725559 5.2516246 5.2837462 5.2631555 5.2339163 5.1754384 5.1214905 5.0844274 5.0700135 5.1140780 5.2458591 5.3343997 5.3776402 5.4311762 5.4039965 5.3912301 5.3825817 5.3726983 5.4810061 5.5934315 5.6560278 5.7165647 5.7643352 5.7478628 5.8285785 5.7906914 5.8392859 5.7445683 5.5053029 5.1247849 4.9106407 3.6529551 2.4352152 1.4896859 0.8023651 0.5766900 1.1248170 1.4587997 1.6861222 1.7787807
4.8871675 4.7203817 4.6569624 4.6940255 4.7417965 4.7986269 4.7739182 4.6997910 4.6021910 4.5066495 4.5280638 4.5622444 4.6227818 4.6647868 4.6977320 4.7397375 4.7525034 4.8208652 4.8385730 4.9497633 5.0457163 5.1021352 5.0906043 5.1128426 5.0593066 5.0366564 5.0189486 5.0564237 5.0737200 5.1754384 5.2466826 5.2845697 5.2396817 5.2104430 5.1882048 5.1931467 5.2660379 5.3471656 5.4410596 5.4447660 5.4966550 5.4447660 5.4274697 5.4254107 5.4233518 5.4439425 5.3529310 5.2281508 5.1235499 4.9011693 4.5552440 3.3943346 2.2115993 1.3237242 0.7653017 0.8521948 1.1598214 1.2545390 1.3620230
4.6569624 4.4955306 4.4284043 4.4790578 4.5544200 4.6108389 4.6285472 4.5453601 4.4506426 4.3600430 4.4312873 4.4868822 4.5523610 4.5873652 4.6207223 4.6285472 4.6384306 4.6549034 4.6606688 4.6833186 4.7475619 4.8023334 4.8472214 4.8706946 4.9526463 4.9431744 4.9724131 5.0251255 5.0543647 5.0807209 5.1499062 5.1334333 5.0885453 5.0708375 5.0531292 5.0766029 5.1754384 5.2310338 5.2508011 5.2330928 5.1519651 5.1000762 5.0807209 5.0687780 5.0720725 5.0728965 4.9868269 5.0531292 4.9967103 4.9888859 4.6433725 4.3130960 3.2263138 2.2556636 1.3756129 0.9769751 0.9897414 1.0716927 1.2182993
4.3999891 4.3464532 4.2603836 4.2982707 4.3658085 4.4214034 4.4461126 4.4226389 4.3415112 4.2546182 4.3501592 4.4069901 4.4477596 4.4819403 4.5074730 4.5054140 4.5202394 4.5173569 4.5408301 4.5045905 4.5494785 4.5482430 4.5914836 4.6684933 4.7681527 4.9028163 4.9654126 4.9967103 5.0387158 5.0543647 5.0650721 5.0494227 5.0387158 5.0210075 5.0502467 5.0856628 5.0971937 5.0728965 5.0580711 4.9818850 4.8871675 4.8336315 4.8216887 4.8130407 4.7389135 4.6549034 4.7018504 4.7780361 4.8949919 4.9332910 4.9674716 4.6676693 4.3736329 3.6999021 2.8062615 1.7466590 1.4802141 1.1540560 1.2808952
4.0404739 4.1059527 4.1286025 4.1413689 4.1813149 4.2369099 4.2817979 4.2702670 4.2105536 4.1384859 4.1928458 4.2348509 4.2595601 4.3151550 4.3551011 4.3559246 4.3678675 4.3785748 4.4214034 4.4370527 4.4597025 4.4119320 4.3913412 4.4753513 4.6244287 4.7702117 4.9040518 4.9695306 4.9847679 5.0300674 5.0329504 5.0551882 5.0621891 5.0523057 5.0580711 5.0679545 5.0485992 4.9818850 4.8414559 4.7380900 4.6569624 4.6149569 4.6520205 4.6742587 4.5824237 4.3715739 4.3600430 4.3394523 4.4555840 4.6091914 4.7212057 4.8484569 4.6919665 4.5309467 4.1286025 2.9751060 1.8063724 1.4332671 1.2281828
3.5759454 3.7270818 3.8395076 3.9086928 3.9712887 4.0511808 4.0903034 4.0318255 3.9321663 3.9177527 3.9420497 3.9840550 4.0297666 4.0973043 4.1479578 4.1343679 4.1043053 4.1771965 4.2533827 4.3415112 4.3777509 4.3246269 4.2953877 4.3699265 4.5239458 4.6549034 4.7475619 4.8591638 4.9225836 4.9781785 5.0485992 5.0786619 5.0856628 5.0827799 5.0436573 4.9831204 4.8591638 4.7282066 4.6030145 4.4769988 4.4226389 4.4662914 4.5346527 4.5601854 4.4848232 4.3052716 4.0845380 4.0104113 4.0396500 4.1706076 4.3979301 4.7096748 5.0189486 5.0807209 5.0308909 4.6030145 3.5796518 2.6674795 2.0192811
3.2300200 3.3803329 3.5368230 3.6587205 3.7682636 3.8395076 3.8452730 3.7876189 3.6735458 3.6294816 3.6286578 3.6628387 3.7283173 3.8090332 3.8872783 3.8930438 3.8189168 3.8325067 3.9264009 4.0787725 4.1784320 4.2142601 4.2360864 4.2533827 4.2953877 4.3851638 4.4811168 4.5807762 4.7133813 4.7924500 4.9147592 4.9790025 4.9617062 4.9056993 4.8463974 4.7739182 4.6684933 4.4576435 4.2789154 4.1257195 4.0544758 4.1108942 4.2739735 4.4555840 4.4938831 4.4362288 4.1108942 3.7106092 3.5397058 3.6195979 3.8728647 4.2517352 4.7380900 5.2203264 5.4624743 5.5415430 5.6333780 4.9925923 3.9350491
3.0162876 3.1353023 3.2954988 3.4215145 3.5219975 3.5837700 3.5631793 3.4771097 3.3737438 3.3160896 3.2761436 3.2683189 3.3317387 3.4400461 3.5574138 3.6508958 3.6364825 3.6257751 3.6900184 3.8131514 3.9556398 4.0219421 4.0758901 4.1150126 4.1442513 4.1743140 4.2377338 4.3217440 4.4382882 4.4975896 4.5844827 4.6606688 4.6783767 4.6586094 4.6001315 4.4263453 4.2426753 4.0375910 3.8864546 3.7583799 3.7419074 3.7966788 3.9391670 4.1537232 4.3373933 4.3501592 4.1458988 3.8423903 3.5561783 3.3403866 3.4791687 3.8559804 4.3209205 4.6960850 5.1540241 5.4653568 5.8911748 6.0229559 6.0818453
2.9158046 2.9623396 3.0825899 3.1900740 3.2662599 3.2798498 3.2613180 3.2221956 3.1645412 3.0710592 2.9088037 2.8803883 2.9730470 3.1175942 3.3119714 3.4223380 3.5211740 3.5454710 3.5248802 3.5121140 3.6459541 3.7839124 3.8403313 3.9243417 3.9861140 4.0503573 4.1166596 4.1743140 4.2019057 4.2348509 4.2377338 4.3093896 4.3678675 4.3629255 4.2867398 4.1150126 3.9165173 3.7554972 3.6335998 3.5005832 3.4565189 3.4565189 3.5738864 3.7085502 3.8971620 4.0779490 4.0417094 3.8588629 3.7283173 3.4906995 3.3276205 3.5668855 3.9206355 4.3052716 4.7516799 5.2594490 5.6696177 6.2086849 6.5142522
2.8474431 2.8441486 2.8326178 2.9281590 3.0043449 3.0278184 3.0690000 3.0504682 3.0072277 2.9195108 2.7486072 2.6559486 2.7074256 2.8305585 3.0298774 3.2975578 3.4437525 3.5121140 3.4890523 3.4684615 3.4890523 3.6138325 3.7468491 3.8395076 3.9478152 4.0182357 4.1030698 4.1656656 4.1693721 4.1870804 4.1800795 4.1920218 4.2439108 4.2056122 4.1051288 3.9156935 3.7233756 3.6109498 3.5483537 3.4301627 3.3226786 3.3111477 3.3012643 3.4095719 3.5388820 3.7312000 3.8366249 3.9399908 3.8353894 3.6908422 3.5248802 3.4643433 3.7398481 4.1294260 4.4790578 4.9205246 5.4175863 5.9175310 6.4388900
2.7543726 2.7263691 2.6958947 2.7045429 2.7848470 2.9145691 2.9623396 3.0504682 3.0249357 2.9623396 2.7992606 2.6703622 2.5542302 2.6645968 2.8091443 3.0747654 3.3815684 3.5112903 3.5796518 3.6265988 3.6303051 3.6381297 3.7653809 3.8864546 3.9968214 4.1010108 4.1899629 4.2640901 4.2752090 4.3073306 4.3044477 4.3102131 4.2867398 4.2455583 4.1636066 3.9947622 3.7896779 3.7270818 3.6578968 3.5170557 3.4066892 3.2592590 3.2419627 3.2448454 3.3589184 3.5075841 3.6863122 3.8823366 4.0112348 3.8765712 3.8395076 3.7933843 3.8197405 4.1257195 4.4321108 4.6977320 5.1511412 5.5415430 6.0563130
2.6127081 2.5884109 2.5884109 2.5896463 2.7028956 2.8326178 2.9849896 3.0932972 3.1315961 3.0825899 2.9158046 2.7506664 2.6061189 2.4838097 2.6283569 2.8099678 3.1254189 3.4379871 3.6459541 3.7983260 3.9449325 3.9399908 3.9712887 4.0923624 4.2270265 4.3373933 4.4193444 4.4848232 4.4955306 4.5181804 4.5140619 4.4839997 4.4605260 4.4362288 4.3666320 4.2504997 4.0482984 3.9927032 3.8872783 3.7320237 3.5397058 3.3922756 3.2526700 3.2390800 3.3004405 3.4186318 3.5738864 3.7839124 3.9642878 4.2068477 4.1693721 4.0931864 4.0837145 4.1615477 4.4255219 4.5737753 4.8365140 5.1931467 5.3969955
2.4253318 2.4224491 2.4430399 2.5085185 2.6275334 2.8210869 2.9763415 3.1060634 3.1657767 3.1287134 2.9771650 2.8190277 2.6489477 2.4986351 2.3627357 2.5142839 2.7634325 3.1159470 3.5084076 3.8522739 4.0964808 4.2653255 4.2797389 4.3872228 4.5173569 4.6697288 4.7525034 4.7973914 4.7875080 4.7817426 4.7282066 4.6997910 4.6697288 4.6479025 4.6314297 4.5288877 4.3892817 4.2875633 4.1599007 3.9362843 3.7340827 3.5232329 3.3795092 3.2790263 3.2876742 3.3618011 3.4898760 3.6451306 3.9156935 4.2126131 4.3929882 4.3093896 4.2006702 4.2076712 4.3266859 4.3744564 4.5824237 4.6960850 4.8451624
2.2115993 2.2428973 2.2750189 2.3598530 2.5171666 2.7280164 2.9380426 3.0727065 3.1315961 3.1089461 3.0035212 2.8939784 2.7230747 2.5241675 2.3384385 2.2350729 2.4253318 2.7057784 3.1332433 3.5915945 3.9420497 4.1537232 4.3324513 4.4662914 4.6783767 4.8463974 5.0152421 5.0708375 5.0523057 5.0300674 4.9703541 4.9275255 4.8871675 4.8805785 4.8978744 4.8472214 4.7673287 4.6030145 4.3493357 4.1100707 3.8708057 3.6471896 3.4812279 3.3774502 3.3210313 3.3424459 3.4734032 3.5775926 3.7839124 4.0182357 4.2369099 4.3678675 4.3081541 4.2027292 4.2439108 4.2546182 4.3032122 4.4028716 4.4605260
1.9929250 2.0905254 2.1197643 2.1959503 2.3454394 2.5534065 2.7720807 2.9499853 3.0356429 3.0718827 3.0562336 2.9907551 2.8540320 2.6588314 2.4529233 2.2770779 2.2301309 2.4154482 2.6987774 3.0904145 3.4692850 3.7933843 4.0631237 4.3238029 4.5836592 4.8365140 5.0642481 5.1882048 5.2195029 5.2281508 5.2602725 5.2573900 5.2446237 5.2116785 5.1840868 5.1284914 5.0004168 4.7644463 4.4683504 4.1743140 3.9585226 3.7975025 3.6373060 3.5347638 3.5084076 3.5355875 3.5191147 3.5730627 3.6764286 3.8773947 4.1010108 4.2966232 4.3621020 4.2369099 4.2113776 4.2126131 4.1833739 4.1911983 4.2212610
1.8335522 1.9480370 1.9937487 2.0505793 2.1889493 2.3960929 2.6188853 2.8161449 2.9792242 3.0817664 3.0768244 3.0298774 2.9487498 2.8289113 2.7028956 2.5484648 2.3647947 2.3190832 2.4187427 2.6930120 3.0710592 3.4878168 3.8386841 4.1001873 4.3336868 4.6178398 4.8949919 5.0943108 5.2302098 5.3249278 5.4027610 5.4859476 5.5571918 5.5736647 5.5415430 5.4567089 5.2223854 4.8393970 4.4918242 4.2126131 4.0437684 3.9399908 3.8695703 3.8493912 3.7983260 3.7839124 3.7653809 3.7361419 3.7126684 3.7777352 3.9058101 4.0865974 4.2690315 4.3139195 4.2056122 4.0923624 4.0767136 4.0853620 4.0767136
1.7194792 1.8236686 1.9253871 2.0192811 2.1794777 2.3862092 2.6048834 2.8013196 2.9751060 3.0912380 3.1110053 3.0805309 3.0817664 3.0776482 3.0014622 2.8902719 2.7201920 2.5426993 2.4899869 2.6530659 2.9792242 3.4235735 3.7983260 4.0318255 4.2126131 4.4839997 4.7595043 4.9662361 5.1128426 5.2730389 5.4212928 5.6111398 5.7388029 5.8219895 5.8112822 5.6284361 5.3187504 4.8884029 4.5054140 4.2447343 4.1158361 4.0482984 4.0639472 4.1051288 4.0874209 4.0161767 3.9428735 3.8979855 3.8432140 3.8090332 3.8757474 3.9754069 4.1001873 4.1323090 4.0952454 4.0338850 3.9663470 3.9321663 3.9107518
1.7886643 1.8796756 1.9851005 2.1625931 2.3376150 2.5365219 2.7370763 2.8803883 3.0084631 3.0681765 3.1587758 3.1937802 3.2662599 3.2884979 3.3024998 3.2201364 3.1295369 3.0072277 2.9293945 2.9936378 3.2761436 3.6023016 3.9165173 4.0466509 4.2047882 4.3979301 4.6285472 4.8122168 4.9617062 5.1284914 5.3187504 5.5316591 5.7515688 5.8668776 5.9204135 5.7507453 5.3842292 4.9205246 4.5750108 4.3402758 4.2047882 4.1706076 4.2019057 4.2282619 4.2142601 4.1957283 4.0981278 4.0141177 3.9214590 3.8481557 3.7546735 3.8012087 3.8815129 3.9350491 3.9334016 3.8930438 3.8708057 3.8259177 3.7732053
1.9097382 2.0485201 2.2573109 2.4360390 2.5785272 2.7572553 2.8425012 2.9693406 3.0834136 3.1451859 3.2312555 3.3354449 3.4206908 3.5339403 3.5602965 3.5747099 3.5005832 3.5047014 3.5310576 3.6138325 3.7867951 4.0268841 4.0730071 4.1862569 4.2719145 4.4477596 4.5972490 4.7282066 4.8529868 5.0280085 5.2166200 5.4480605 5.6675587 5.8100467 5.8549347 5.7565107 5.4352942 4.9740605 4.6244287 4.3962827 4.2410283 4.2006702 4.2447343 4.2916818 4.3032122 4.2752090 4.1862569 4.0573583 3.9469917 3.8267415 3.7312000 3.6636622 3.7106092 3.7534380 3.7777352 3.7390246 3.7171984 3.6686041 3.5631793
2.0299885 2.2087166 2.4409807 2.6246507 2.7663152 2.8597975 2.9479260 3.0834136 3.1987221 3.2868507 3.3552122 3.4548717 3.5590611 3.6756048 3.7925606 3.8110924 3.8502150 3.8864546 4.0161767 4.1442513 4.2546182 4.2447343 4.2925053 4.3336868 4.4185209 4.4889412 4.5972490 4.7006149 4.8130407 4.9695306 5.1354923 5.3628149 5.5650163 5.7095637 5.7729836 5.6980329 5.4554734 5.0815444 4.7039094 4.4078135 4.2517352 4.1537232 4.1920218 4.2562652 4.2838569 4.2719145 4.1879039 4.0561228 3.9008682 3.7748525 3.6286578 3.5582373 3.5162323 3.5376465 3.5981834 3.5953009 3.5668855 3.4935822 3.3873336
