public/V.asc
NCOLS 221
NROWS 89
XLLCORNER 89.875
YLLCORNER -11.125
CELLSIZE 0.25
NODATA_VALUE -999
[rows 0 to 31 of 89, columns 72 to 143 of 221]
0.447 1.5046 2.6545 3.8487 4.4001 5.099 5.4878 5.5609 5.709 5.7862 5.8817 5.9196 5.9248 6.0439 6.1235 6.2099 6.2745 6.349 6.385 6.401 6.3777 6.3118 6.2213 6.1516 6.0992 6.059 6.0558 6.0228 6.0661 6.0478 6.0533 6.0429 6.0702 6.0593 5.9344 5.97 5.8934 5.8738 5.8661 5.8694 5.822 5.7635 5.7743 5.727 5.5618 4.9609 3.0675 4.1379 5.2967 5.931 6.237 6.2804 6.3202 6.2513 6.389 6.2944 3.6023 1.9621 2.8939 4.6006 4.6021 4.0999 3.0682 3.0721 3.4381 4.2785 3.5729 2.1989 1.5958 2.0225 3.0847 4.0625
1.4295 2.2925 3.241 3.5567 3.9308 4.2819 4.6958 5.0428 5.1813 5.3916 5.4956 5.5935 5.7311 5.8642 5.9899 6.075 6.1541 6.2353 6.253 6.2783 6.2362 6.1704 6.0791 6.024 5.9756 5.9274 5.9017 5.8263 5.8708 5.8426 5.8898 5.8599 5.8376 5.8093 5.7722 5.8412 5.7766 5.8084 5.7774 5.7436 5.7132 5.746 5.7728 5.3869 5.0904 3.9388 2.7186 4.3505 5.7067 6.232 6.2736 6.3512 6.3366 6.2322 6.4616 5.832 3.4011 2.8691 3.9137 4.6943 4.6999 3.0074 2.1885 2.9523 3.5886 4.6244 4.2563 2.8114 1.7036 1.9645 3.2669 4.0726
2.6985 3.1019 3.3027 3.5414 3.8487 4.1981 4.4546 4.6708 4.8504 5.1259 5.2128 5.3745 5.4945 5.6306 5.7709 5.8764 5.9568 6.0211 6.0347 6.0407 5.9786 5.9433 5.9008 5.8506 5.8243 5.7961 5.783 5.672 5.6862 5.6704 5.6876 5.6977 5.7021 5.7101 5.7033 5.685 5.6819 5.7233 5.615 5.6407 5.6164 5.6622 5.5836 5.2071 3.8935 2.6254 2.8649 5.0401 6.182 6.3267 6.2928 6.2989 6.3197 6.2381 6.4485 5.5608 4.2514 4.2777 4.5196 4.3607 3.0889 1.9708 3.1745 3.2136 3.9225 4.6387 4.1313 2.8096 1.7235 2.2882 3.9444 4.2674
3.0879 3.1931 3.393 3.5969 3.7833 3.9685 4.1886 4.4372 4.6868 4.8612 4.967 5.1416 5.2818 5.4014 5.4983 5.5932 5.6968 5.765 5.7919 5.7756 5.7511 5.7567 5.7492 5.745 5.7298 5.6785 5.6403 5.5648 5.4882 5.4982 5.4918 5.5507 5.5872 5.5648 5.5615 5.5987 5.6354 5.4978 5.4811 5.4712 5.5159 5.595 5.2068 3.8879 2.4279 2.8795 4.8335 6.1699 6.3143 6.3632 6.3872 6.3811 6.4867 6.2919 6.2849 5.9824 5.6016 6.0629 5.6171 3.7178 1.8021 1.6347 2.9688 2.7289 3.9122 4.0005 3.2992 2.4211 2.2277 3.0601 4.1282 3.9595
3.4069 3.4759 3.5597 3.7058 3.8786 4.0579 4.2326 4.3485 4.5037 4.6648 4.8766 4.9978 5.1413 5.2501 5.3266 5.4072 5.4786 5.5147 5.5418 5.5143 5.5258 5.5473 5.5713 5.5775 5.5615 5.5384 5.4527 5.4637 5.3451 5.3468 5.3516 5.3847 5.3929 5.4022 5.4499 5.3654 5.3355 5.3555 5.4734 5.3381 5.4727 5.1062 3.8225 2.5202 3.3329 5.2831 6.0406 6.4507 6.4129 6.5 6.5541 6.5145 6.4898 6.3386 6.2938 6.12 6.1261 6.1728 4.9887 3.166 1.9795 1.7916 2.1065 3.3804 3.0968 2.5203 3.3317 3.753 3.8967 3.8788 3.3649 2.9581
3.5549 3.6379 3.7222 3.8603 3.9539 4.079 4.1948 4.3222 4.5368 4.652 4.8065 4.9311 5.0898 5.1828 5.2372 5.254 5.2724 5.2888 5.3443 5.3572 5.4002 5.4064 5.4412 5.4404 5.4177 5.4256 5.3098 5.3092 5.2142 5.2035 5.1711 5.1863 5.207 5.2115 5.2151 5.1553 5.2695 5.2413 5.3175 5.2564 5.076 4.2695 2.7452 2.2753 4.6836 6.0547 6.131 6.3169 6.4117 6.4675 6.5013 6.4884 6.4035 6.4056 6.3374 6.1812 6.3345 6.2588 4.8798 3.2609 2.5923 2.3509 2.2911 3.9356 3.0866 2.8345 3.9942 4.7168 4.4975 3.3694 2.3851 1.645
3.7022 3.7713 3.8732 3.9806 4.0721 4.1658 4.2859 4.3664 4.5147 4.5914 4.7458 4.8894 5.0215 5.1059 5.1212 5.1317 5.1176 5.1344 5.1868 5.2125 5.2684 5.2653 5.2923 5.294 5.2805 5.2387 5.1365 5.1185 5.007 4.9931 4.9437 4.974 5.0061 4.9972 5.0247 5.0086 5.0084 5.232 5.3301 4.5525 4.0128 3.0251 2.0063 3.935 5.7445 5.933 6.1908 6.2669 6.3194 6.3775 6.4399 6.449 6.433 6.4348 6.35 6.5093 6.3743 6.0077 5.0038 3.8667 2.9613 1.9055 2.2365 3.7132 3.1853 3.3641 4.42 4.7922 3.2873 1.9326 1.2686 0.8867
3.7798 3.8654 3.9283 4.0269 4.0925 4.1841 4.267 4.3574 4.4668 4.5693 4.7031 4.807 4.9218 4.9694 4.9845 4.972 4.9624 4.975 5.0299 5.0518 5.0835 5.0967 5.0908 5.0907 5.0469 4.9884 4.9096 4.8738 4.7777 4.7592 4.7314 4.774 4.8063 4.8211 4.8466 4.8202 4.897 5.2903 4.5219 3.4429 2.7392 1.8732 3.4785 5.3325 5.8183 5.7773 6.0481 6.0491 6.1624 6.2931 6.3567 6.4315 6.4245 6.518 6.4774 6.6553 6.4281 5.949 5.3954 4.2748 2.8545 1.7975 2.6524 3.5321 3.1473 3.6888 4.5576 3.6286 2.0648 -0.0214 -0.6491 0.2429
3.7868 3.8928 3.9383 4.0062 4.0724 4.1599 4.2438 4.3339 4.4274 4.5442 4.6301 4.7189 4.7568 4.8032 4.7934 4.7807 4.7934 4.8028 4.8402 4.8692 4.8767 4.8914 4.8847 4.8522 4.8082 4.7401 4.6728 4.5977 4.5857 4.5603 4.6034 4.6434 4.6764 4.694 4.6516 4.6637 4.9131 4.6538 3.5201 2.5808 1.932 3.2788 4.8668 5.2881 5.4612 5.6502 5.8121 5.8953 6.0361 6.1676 6.3166 6.3954 6.4557 6.5531 6.67 6.6533 6.4618 5.8199 5.2669 4.8451 3.4547 2.1912 2.809 2.8386 3.1033 3.593 3.596 2.6746 1.2118 -0.8219 -1.0219 0.1224
3.763 3.8455 3.8911 3.9609 4.0634 4.1511 4.2642 4.3531 4.415 4.5141 4.5582 4.5912 4.6154 4.6048 4.5949 4.5779 4.5965 4.6158 4.6345 4.668 4.6576 4.6699 4.6218 4.589 4.5249 4.4568 4.432 4.3531 4.4209 4.4096 4.4698 4.4739 4.5071 4.5419 4.4643 4.574 4.7136 3.6244 2.7709 2.2976 3.3837 4.7316 5.0008 5.0402 5.1833 5.4505 5.5942 5.8701 5.9552 6.1154 6.2644 6.434 6.5199 6.5903 6.8342 6.7159 6.3017 5.6565 5.5934 5.1711 3.8635 2.5557 2.24 2.0615 2.9398 2.7973 2.5707 1.6833 0.2198 -0.0054 -0.1696 0.5186
3.7213 3.7354 3.7973 3.9039 4.0189 4.1565 4.2809 4.363 4.4331 4.4854 4.4759 4.4586 4.4241 4.4152 4.3935 4.3777 4.3816 4.4222 4.4441 4.4519 4.4524 4.408 4.3548 4.3175 4.2531 4.1924 4.2036 4.1875 4.3116 4.3015 4.3542 4.3457 4.3872 4.424 4.437 4.5963 4.3633 3.1213 3.0038 3.5353 4.3954 4.6383 4.7067 4.8759 5.1013 5.2264 5.4459 5.7163 5.8456 6.0602 6.202 6.3194 6.57 6.6235 6.9018 6.8178 6.1381 5.1624 5.334 5.4545 4.0879 2.4628 2.0516 2.206 3.1161 2.1719 0.8493 0.2196 0.1957 0.3458 0.5667 0.9163
3.6644 3.6679 3.8012 3.9268 4.0666 4.2005 4.2732 4.3679 4.3981 4.3673 4.3423 4.2991 4.2752 4.2301 4.1947 4.1952 4.2099 4.2304 4.2535 4.2296 4.1758 4.1186 4.0673 4.0361 4.0304 4.0018 4.0718 4.0902 4.2078 4.2101 4.2293 4.2691 4.335 4.4426 4.4902 4.5668 4.4579 4.0203 4.0752 4.0233 3.975 4.1366 4.3778 4.549 4.7582 5.0405 5.3928 5.6597 5.8448 6.0191 6.1517 6.2846 6.5031 6.6529 6.8616 6.7541 5.9115 4.5509 4.46 4.6793 3.835 2.4422 2.5955 2.7229 3.3571 2.2193 0.7146 -0.1098 -0.1605 0.1881 0.6768 1.4529
3.7026 3.8051 3.9353 4.0079 4.1138 4.1877 4.2112 4.2211 4.2015 4.2037 4.1995 4.1445 4.103 4.0527 4.0281 4.0419 4.0576 4.0444 4.0261 4.0099 3.9184 3.8674 3.8449 3.8354 3.8457 3.8937 3.9491 4.0356 4.0886 4.1145 4.1339 4.2029 4.3476 4.5253 4.6554 4.6453 4.4945 4.2998 4.0638 3.8745 3.875 3.9639 4.0852 4.3155 4.6661 4.9585 5.2492 5.5357 5.7821 5.908 6.1239 6.3266 6.3402 6.6539 6.9582 6.7141 5.4714 3.3469 3.1768 3.4515 2.8371 2.4386 2.4492 2.241 2.6126 2.4677 1.5519 0.7244 0.6206 0.9407 1.4089 2.2521
3.8015 3.9407 4.0205 4.071 4.1045 4.1044 4.0994 4.0783 4.048 4.0395 3.9833 3.9599 3.9194 3.8994 3.8964 3.8892 3.8785 3.8839 3.8202 3.737 3.6785 3.6516 3.658 3.6847 3.7267 3.8042 3.8482 3.9913 3.9761 4.05 4.1461 4.287 4.4664 4.6327 4.7326 4.6598 4.4093 4.0126 3.6907 3.5776 3.5582 3.5717 3.7067 4.037 4.3721 4.7102 5.226 5.4612 5.7006 5.8293 5.9987 6.1819 6.2783 6.5847 6.7106 6.6171 4.6708 3.0181 3.6533 3.9339 2.8596 2.9633 4.1717 3.502 1.8736 1.6338 1.2742 1.1741 1.6081 1.7841 1.5817 2.4026
3.9211 4.0053 4.0341 4.065 4.0338 4.0096 3.9801 3.9485 3.9275 3.9157 3.8594 3.8219 3.7732 3.7492 3.7482 3.7447 3.733 3.659 3.621 3.5489 3.5486 3.5171 3.5217 3.5526 3.6235 3.7178 3.8166 3.9048 3.9498 4.1215 4.216 4.4494 4.6778 4.8795 4.9902 4.6552 4.1201 3.5683 3.2722 3.0749 3.021 3.1247 3.4342 3.7655 4.2607 4.6537 5.1071 5.3329 5.5184 5.6793 5.8617 6.0386 6.1781 6.3843 6.6736 6.3495 3.706 2.8562 4.3028 4.8439 4.2738 4.4441 4.8895 4.0672 1.4879 0.1481 0.1304 0.9988 1.505 1.3787 1.4276 2.6429
4.0578 4.1322 4.1509 4.0773 4.0525 4.0254 3.9925 3.947 3.9104 3.8493 3.7789 3.7211 3.7151 3.7001 3.6782 3.6544 3.5996 3.5104 3.5099 3.4335 3.4248 3.4216 3.4381 3.4986 3.5734 3.672 3.7673 3.8435 3.9817 4.1513 4.3932 4.6331 4.9193 5.1334 4.988 4.2387 3.5052 2.9042 2.6293 2.6046 2.5645 2.7552 3.0811 3.6261 4.1653 4.5349 4.9507 5.3059 5.4857 5.6313 5.761 5.9149 5.9834 6.068 6.5071 5.6833 3.2426 3.9094 5.0992 5.5138 5.0794 4.8581 4.9674 4.4842 1.2344 -0.2948 -0.6099 0.1268 0.3538 0.2064 1.5596 3.1858
4.162 4.2009 4.1895 4.14 4.1258 4.0963 4.0133 3.9622 3.8751 3.7933 3.7416 3.7224 3.6997 3.6649 3.6398 3.5675 3.5064 3.451 3.4325 3.3762 3.396 3.395 3.4212 3.4818 3.5745 3.6773 3.739 3.8596 4.0316 4.1925 4.4807 4.7708 5.0654 5.2703 4.9656 2.9039 2.0777 1.9514 2.0404 2.0339 2.1886 2.3968 3.0296 3.6093 4.0166 4.4543 4.8927 5.2644 5.445 5.5914 5.7147 5.7399 5.834 5.7593 6.1339 5.1975 3.0563 3.8011 5.0194 5.4174 5.1284 4.9255 5.0877 4.9265 1.9311 0.3201 -0.2727 -0.6959 -0.4816 -0.0066 1.2786 3.7921
4.1991 4.2302 4.2222 4.2027 4.185 4.1099 4.0287 3.9457 3.851 3.7948 3.73 3.7239 3.6991 3.6642 3.624 3.5528 3.4916 3.4519 3.4124 3.3953 3.4081 3.4184 3.4467 3.5173 3.6089 3.6856 3.748 3.8873 4.0693 4.2611 4.59 4.8856 5.2646 5.4638 3.9965 1.5798 0.8153 1.0907 1.3637 1.7198 1.8817 2.2852 2.9111 3.4437 3.8448 4.4141 4.8543 5.2387 5.3837 5.5297 5.5423 5.5649 5.5233 5.4468 5.7237 4.8878 2.9261 3.7141 4.9389 5.2345 4.9468 4.8696 5.0104 4.9942 3.0053 1.2461 0.2181 -0.2078 -0.1498 0.3273 1.1628 3.7907
4.23 4.2628 4.2463 4.2213 4.1373 4.0619 3.9755 3.8867 3.8383 3.8133 3.7422 3.7134 3.6915 3.6502 3.6099 3.562 3.4992 3.4628 3.4248 3.4213 3.4299 3.446 3.4941 3.5648 3.6096 3.6737 3.7698 3.8886 4.0534 4.2959 4.5999 5.0155 5.3947 4.2945 2.5935 0.8284 0.4218 0.5919 0.9148 1.3307 1.8494 2.2531 2.7629 3.2681 3.7802 4.4139 4.8367 5.2527 5.3818 5.4216 5.4342 5.2745 5.1626 5.1104 5.3284 4.7309 3.6355 4.2844 4.749 5.0449 4.7835 4.7416 4.7644 4.6952 3.4074 1.7684 0.7941 0.4436 0.5017 0.8315 1.4936 4.4063
4.3222 4.2907 4.2457 4.142 4.0608 3.9738 3.8792 3.8366 3.8242 3.786 3.7705 3.7183 3.6667 3.6211 3.5688 3.5189 3.4869 3.4499 3.4165 3.3992 3.4336 3.4788 3.5119 3.5612 3.6083 3.6426 3.7487 3.8464 3.9511 4.173 4.3945 4.8668 4.3081 2.955 1.3219 0.2243 0.4243 0.3738 0.5673 0.987 1.5724 2.1178 2.637 3.2745 3.7892 4.4869 4.9373 5.3065 5.3699 5.3766 5.2719 5.1248 4.9232 4.8716 4.9432 4.7585 4.3085 4.5707 4.8766 4.8348 4.5563 4.405 4.4648 4.2907 3.2707 1.9013 1.2831 0.9242 1.2296 1.5952 2.4352 5.4767
4.4345 4.349 4.243 4.1117 3.9982 3.9115 3.8653 3.8676 3.8594 3.7702 3.7642 3.6867 3.6292 3.5618 3.5119 3.475 3.4439 3.4124 3.3871 3.3571 3.3512 3.3926 3.4468 3.5032 3.5661 3.6181 3.6462 3.7183 3.7713 3.9055 4.1154 4.0052 3.1172 1.62 0.3307 -0.0808 0.0445 0.0654 0.3335 0.7732 1.219 1.7363 2.2794 3.015 3.8178 4.6261 5.1281 5.2626 5.3752 5.3436 5.1913 4.9203 4.7429 4.7116 4.695 4.6087 4.6472 4.5921 4.5485 4.5678 4.3892 4.1467 4.0786 3.7523 2.7343 1.9662 1.3041 1.466 1.8994 2.02 2.6628 5.8221
4.4921 4.3861 4.2738 4.1276 4.013 3.9671 3.9459 3.8814 3.8126 3.8035 3.7526 3.6891 3.6228 3.5234 3.4516 3.4209 3.3789 3.3511 3.2997 3.2713 3.2379 3.2653 3.3492 3.3871 3.4149 3.5217 3.5662 3.5739 3.5537 3.5175 3.2126 2.7701 1.6973 0.4151 0.0059 -0.0171 0.0054 0.1683 0.2463 0.4404 0.6361 0.8155 1.288 2.3122 3.6917 4.7449 5.1186 5.2631 5.2314 5.1576 4.9699 4.6318 4.2952 4.2601 4.5969 4.8198 4.9017 4.8514 4.7251 4.4662 4.1126 3.8093 3.6053 3.3537 2.5211 1.7195 1.3899 1.9516 2.5543 2.4834 2.8293 5.7898
4.6228 4.5272 4.3861 4.2571 4.1527 4.0811 4.034 3.9815 3.9094 3.8393 3.7608 3.6989 3.5855 3.4883 3.4198 3.3567 3.2754 3.2255 3.146 3.0987 3.1394 3.122 3.1341 3.1878 3.2696 3.3467 3.3684 3.3482 3.2948 2.9594 1.7485 0.8041 0.1109 -0.3888 -0.295 0.0408 0.2389 0.1979 0.2354 0.4015 0.4949 0.6148 0.9149 1.4859 2.9614 4.889 5.196 5.2267 5.2318 5.1495 4.8711 4.4652 4.1569 4.1944 4.5067 4.7822 4.8126 4.6694 4.4658 4.2114 3.9753 3.7865 3.3971 3.1483 2.9863 2.6295 2.6095 2.9172 3.1705 3.365 4.2951 6.2965
4.7275 4.6349 4.4665 4.3271 4.2479 4.1809 4.0872 3.9986 3.9151 3.8288 3.762 3.6585 3.5284 3.4297 3.3384 3.2188 3.147 3.0558 3.0663 3.0407 3.0163 3.012 3.0257 3.0814 3.125 3.1407 3.233 3.0992 2.602 2.129 1.062 0.0818 -0.5356 -0.5084 -0.092 0.5133 0.4955 0.4473 0.5368 0.5738 0.5379 0.7775 1.3174 1.8756 2.7769 4.7655 5.2292 5.1165 5.1478 4.9519 4.5976 4.2359 4.0469 4.261 4.5742 4.7579 4.7867 4.7005 4.53 4.2446 3.8406 3.4903 3.2757 3.018 2.9759 3.2912 3.5522 3.9748 4.3086 4.895 5.932 6.7983
4.9396 4.7088 4.5021 4.3265 4.2418 4.2022 4.1288 4.0404 3.9548 3.8877 3.7265 3.6028 3.4643 3.3514 3.2287 3.116 3.0476 2.9436 2.9424 2.9416 2.9112 2.944 2.9484 2.999 3.0526 2.9829 2.8456 2.3773 1.6032 1.2553 0.805 -0.0551 -0.3847 -0.3157 0.0681 0.5661 0.5532 0.6549 0.762 0.7543 0.7696 1.495 2.277 3.4614 4.1469 4.9302 5.0001 4.9229 4.8853 4.7244 4.4533 4.1238 3.8657 4.07 4.4535 4.666 4.7067 4.6933 4.5008 4.1887 3.8028 3.4037 3.2303 3.0664 3.106 3.3256 3.7542 4.2902 5.0456 5.7344 6.57 7.4181
5.0996 4.7415 4.4337 4.2908 4.285 4.2459 4.1808 4.1101 3.9646 3.8509 3.6691 3.5397 3.3966 3.254 3.1314 2.989 2.8739 2.8295 2.7693 2.7486 2.7473 2.7741 2.8748 2.9342 2.8132 2.5757 1.8442 1.4002 0.9942 0.8787 0.5238 0.031 -0.3028 -0.2398 0.1288 0.4683 0.5514 0.583 0.685 0.7585 0.7874 1.4816 2.775 4.1179 4.6153 4.8005 4.8741 4.9538 4.8788 4.6874 4.4074 3.937 3.6728 3.9415 4.2929 4.5882 4.6759 4.6858 4.5474 4.235 3.7633 3.3226 3.0519 2.9874 3.2067 3.5028 3.9445 4.5308 5.287 6.2057 7.0685 7.8119
5.23 4.5403 4.3064 4.3655 4.3623 4.3242 4.2563 4.1046 3.9414 3.7681 3.6001 3.4432 3.2955 3.1504 3.0234 2.8828 2.7243 2.6786 2.5558 2.5442 2.5276 2.5421 2.6462 2.5578 2.4111 1.7153 1.0406 0.9501 0.8335 0.6462 0.4716 0.007 -0.0044 0.0651 0.1166 0.2825 0.3307 0.3651 0.4857 0.733 0.7713 1.1894 2.4762 3.9695 4.5239 4.6277 4.9537 5.0877 5.0394 4.8414 4.3491 3.8727 3.5135 3.7346 4.0925 4.5007 4.6024 4.6997 4.5645 4.2498 3.7749 3.2541 2.9521 2.9066 3.1916 3.5435 4.1434 4.7336 5.6149 6.5422 7.3756 8.0934
5.2944 4.1039 4.2558 4.3682 4.4498 4.4117 4.2155 4.0258 3.858 3.6467 3.4955 3.2715 3.1318 2.94 2.8132 2.731 2.5845 2.4835 2.3551 2.3258 2.2078 2.2239 2.1869 2.0984 1.7003 0.9681 0.8092 0.8028 0.6672 0.3608 0.2008 0.1268 0.1153 0.2282 0.231 0.0601 0.016 0.1524 0.3632 0.6447 1.2374 1.6556 2.3791 3.7754 4.346 4.641 5.0732 5.2531 5.2136 4.8696 4.3773 3.7537 3.3726 3.4616 3.8816 4.3153 4.5502 4.6632 4.6066 4.2919 3.7536 3.2377 2.8992 2.8179 3.0972 3.5531 4.1815 4.9216 5.803 6.7897 7.6087 8.3174
5.2194 3.3731 3.9585 4.5828 4.5929 4.3742 4.1832 3.902 3.7491 3.4688 3.3273 3.093 2.8972 2.6906 2.5579 2.4675 2.3977 2.2937 2.165 2.0024 1.8398 1.714 1.5899 1.2529 0.8107 0.8472 0.8562 0.449 0.34 0.1211 -0.1084 -0.1249 0.0068 0.1451 0.1833 -0.0235 -0.0426 0.0945 0.3121 0.8621 1.5794 2.2566 2.9428 3.7238 4.2558 4.7343 5.1293 5.3306 5.3011 4.9108 4.2439 3.6099 3.1266 3.1927 3.6401 4.059 4.4196 4.6812 4.6248 4.2622 3.7202 3.1466 2.756 2.6868 3.0468 3.5458 4.1834 4.9528 5.9902 6.9654 7.8405 8.5713
5.1361 3.4021 4.0783 4.6744 4.5337 4.304 4.0914 3.7945 3.6144 3.3084 3.1373 2.8649 2.6115 2.4473 2.3489 2.2845 2.2084 2.0926 1.8889 1.641 1.4104 1.1175 0.7155 0.4299 0.5129 0.7242 0.8401 0.2639 0.0933 -0.0334 -0.1494 -0.0896 -0.0001 0.065 0.0909 0.1262 0.2136 0.2004 0.2526 0.8051 1.5134 2.2189 2.9672 3.6478 4.2586 4.814 5.247 5.4592 5.3652 4.9042 4.2151 3.4051 2.8506 2.8616 3.2528 3.7536 4.2845 4.5703 4.6118 4.2231 3.522 2.96 2.6806 2.6499 2.9141 3.432 4.09 4.9459 6.0581 7.3184 8.322 8.7621
5.4301 4.7921 4.8209 4.6756 4.4701 4.2227 3.9546 3.6873 3.4364 3.1616 2.8618 2.6457 2.5265 2.3659 2.1938 2.1016 2.0705 1.9386 1.5606 1.2385 0.9004 0.4587 0.1323 0.2215 0.509 0.5958 0.6041 0.3625 0.0154 -0.1964 -0.1751 -0.0316 0.0969 0.1566 0.1828 0.2755 0.3594 0.1863 0.2264 0.7477 1.4523 2.2745 3.1266 3.9124 4.5756 5.0269 5.3111 5.4974 5.3244 4.7956 3.9303 3.0327 2.4916 2.4795 2.9085 3.5312 4.0977 4.6078 4.684 4.1839 3.3832 2.7088 2.2968 2.3987 2.8313 3.486 4.1397 4.9496 6.0773 7.3964 8.5225 8.9655
5.5118 5.341 5.0763 4.793 4.5492 4.2193 3.8671 3.5873 3.247 3.0169 2.7415 2.5472 2.4455 2.3065 2.1908 2.1406 2.0221 1.6382 1.1939 0.7437 0.3391 0.2038 0.1429 0.2104 0.3681 0.5157 0.556 0.311 0.1223 0.0223 0.0024 0.1124 0.2099 0.201 0.15 0.245 0.1259 0.0323 -0.0122 0.539 1.4794 2.5027 3.4016 4.2212 4.8961 5.3004 5.5461 5.6257 5.301 4.6164 3.6489 2.7266 2.169 2.092 2.4652 3.0147 3.7792 4.4954 4.6256 4.1104 3.2699 2.5266 2.1584 2.3468 2.7107 3.2595 3.8447 4.7809 6.1027 7.493 8.6083 9.2099
