public/V.asc
NCOLS 221
NROWS 89
XLLCORNER 89.8750000
YLLCORNER -11.1250000
CELLSIZE 0.2500000
NODATA_VALUE -999.0000000
[rows 27 to 53 of 89, columns 59 to 117 of 221]
6.2515135 6.3169923 6.3610568 6.5805545 6.6225595 6.4771886 6.1852112 5.9681840 5.7103872 5.4554734 5.5151868 5.5143628 5.3805227 5.2487416 4.4654679 4.7162638 4.9205246 5.2026186 5.2738624 5.3228688 5.3286343 5.4039965 5.4509435 5.4937720 5.3101025 5.1107836 4.6619039 4.3373933 4.2467937 4.2780914 4.6236053 4.9028163 5.1276679 4.8628702 4.7096748 4.2752090 3.6723104 2.7370763 1.2203583 0.9156145 0.8414876 0.6742904 0.6273434 0.4576752 0.3959028 0.3394840 0.4234945 0.5190358 0.3123042 0.1772286 0.1644623 0.2377655 0.6401097 1.4419153 2.2758424 3.2683189 4.6491380 5.2438002 5.4711223
6.3902955 6.4916024 6.5875554 6.7868743 6.6587996 6.4685407 6.0756683 5.8228130 5.6090808 5.6733241 5.8013988 5.7458038 5.6782656 5.2672734 3.8922200 4.5395947 5.3747573 5.6099043 5.7087402 5.8100467 5.7630997 5.8434038 5.7701006 5.7495098 5.5221877 5.1449642 4.6598449 4.3435702 4.2673845 4.3015652 4.6137214 4.6421371 4.3200970 3.7826769 3.2242546 2.6530659 2.0287530 1.1071090 1.0123912 1.0074495 0.7125893 0.5112113 0.3765475 0.2035848 0.2369419 0.4490271 0.4996804 0.4556161 0.0553310 -0.1831104 0.0153849 0.2249992 0.8130723 1.6568832 2.3129060 3.2670834 4.4811168 5.0827799 5.5720172
6.5776720 6.7263374 6.8461757 6.8424692 6.5414319 6.3783526 5.9673605 5.7630997 5.6902084 5.7799845 5.9154716 5.8998227 5.8355794 5.2965126 3.8959265 4.8414559 5.7466273 5.9088826 6.0163665 6.0962591 5.9801269 5.9282379 5.7046218 5.5876665 5.2878642 4.8599877 4.5951900 4.3209205 4.0375910 3.9741714 3.8238587 3.5232329 2.7869060 1.8747338 1.2603045 0.8764920 0.4440853 0.5631001 0.8793747 0.9819169 0.6742904 0.4370844 0.2175865 0.1002190 0.2966552 0.5865736 0.6557587 0.5318021 0.3522503 0.2439427 0.2320001 0.3366013 0.8394285 1.1248170 1.6568832 2.7642562 4.0651827 5.0737200 5.6510859
6.6254425 6.7946987 6.9359517 6.9017711 6.5933208 6.4281826 6.1502070 6.1609139 6.2173328 6.3239932 6.3404660 6.0690789 5.8149886 5.8825264 5.4867716 5.8129296 6.0571365 6.1411467 6.1296163 6.0876107 6.0826693 6.0863752 5.5436020 5.0288320 4.8200412 4.8266306 4.7459145 4.3530421 3.8366249 3.4272799 2.9516325 2.1382961 1.1001080 0.0788045 -0.3960192 -0.3881947 0.0376229 0.5787491 0.8744329 0.8999655 0.7887752 0.7084711 0.6149889 0.5503338 0.5202712 0.5161530 0.6256961 0.8122487 0.8003061 0.7224728 0.5416856 0.3757238 0.2859479 0.2995379 0.8336632 2.1930676 3.9564633 5.1519651 5.6725001
6.5982628 6.8453522 7.0141969 7.0084314 6.7683425 6.6460333 6.6781549 6.7156301 6.7605181 6.7946987 6.7263374 6.5183702 6.3861775 6.2935190 6.3190513 6.3532319 6.4145927 6.4957204 6.5171347 6.5669646 6.7926397 6.8404102 6.0398402 5.1305504 4.7986269 4.8892264 4.8620467 4.4988251 3.9506979 3.2584352 2.1774185 1.1577623 0.3296005 -0.3441304 -0.5236822 -0.4281409 -0.0266203 0.4819723 0.7702435 0.8266623 0.7809507 0.6199307 0.5466275 0.6557587 0.6870567 0.5425093 0.4967977 0.7232965 0.8044242 0.6957048 0.6442278 0.4049627 -0.0327976 -0.2288220 0.2702990 1.7231855 3.7126684 5.1511412 5.7458038
6.4957204 6.7506347 6.9577780 7.0776162 7.0092549 6.9557190 7.0043130 6.9898996 6.9470706 6.9343042 6.9009471 6.8404102 6.9087720 6.6373849 6.6225595 6.8169370 6.8754148 7.0133729 7.1538024 7.2897015 7.3494148 7.3012323 6.6217360 5.6617932 5.1391988 4.9460568 4.4831758 4.1265435 3.7888544 2.9956968 1.5736964 0.6792322 0.2114093 -0.0150895 -0.0900400 -0.0043823 0.2418837 0.4008446 0.5260366 0.6450514 0.7175310 0.5758663 0.4449089 0.5631001 0.7702435 0.7311210 0.5931627 0.6088116 0.5622764 0.5173885 0.4420262 0.0125022 -0.5776300 -0.9037883 -0.2609436 1.6169370 3.7826769 5.2709799 5.8726430
6.3598213 6.6736250 6.8111715 6.8597655 7.0776162 7.2925844 7.2328711 7.1986904 7.1892185 7.2526379 7.2563443 7.2612863 7.2328711 7.0368466 7.0426121 7.3424139 7.4037747 7.4927268 7.5775609 7.6422162 7.0825582 6.8873572 6.5953798 5.6803250 5.1099596 4.5367122 3.7592034 2.8560913 2.5064595 2.1774185 1.2005911 0.7018821 0.3921965 0.1764049 0.2233519 0.3296005 0.3695466 0.4412026 0.4547925 0.5622764 0.5503338 0.5808082 0.6804676 0.7632426 0.9049073 0.8863756 0.7702435 0.5680419 0.4284363 0.4720888 0.4107282 0.0767455 -0.5549802 -0.8617830 0.0915708 2.0777590 4.1450748 5.4760642 6.0983181
6.0941997 6.5611992 6.6872149 6.8474112 7.0603199 7.2390480 7.2172217 7.2641687 7.5026102 7.5775609 7.6599240 7.6644540 7.5787964 7.3646522 7.4021273 7.8090014 7.7826452 7.5631475 7.6100945 7.0277867 6.3845301 5.9603596 5.7808080 5.0329504 4.4741158 3.9811723 3.0755892 2.2017157 2.1218233 1.7936060 1.2660699 0.7447109 0.3921965 0.2945961 0.3024206 0.3991973 0.4440853 0.4811487 0.5202712 0.5326257 0.5268603 0.6079880 0.7780680 0.8649611 0.9448534 0.9283808 0.7690080 0.5573347 0.6372269 0.9975659 1.0700455 0.8386049 0.2077029 0.0367993 0.9897414 2.7494309 4.6627278 5.6354370 6.2292757
6.1312633 6.5904379 6.6266780 6.8255849 7.0084314 7.0817347 7.1352706 7.4704885 7.7142839 7.9741397 8.0593853 8.0017309 7.8942475 7.5837383 7.6492167 7.9939070 7.7204609 7.4770780 6.4693642 5.8256960 5.4439425 5.2195029 4.9135237 4.3295684 3.7505555 3.2954988 2.4096828 1.8520839 1.7602490 1.4476807 1.0523374 0.6635832 0.4840314 0.4070219 0.2320001 0.3151869 0.2641217 0.2983024 0.3950792 0.4156700 0.5651591 0.5886326 0.7055884 0.7175310 0.7937170 0.8657848 0.7183547 0.8464295 1.0659274 1.8100787 1.9558616 1.5914044 1.1215224 0.9761515 1.9311526 3.6644859 4.8130407 5.6902084 6.2613974
6.4001789 6.5599637 6.5632582 6.7650480 7.0121374 7.1373296 7.3473558 7.7105775 7.9584908 8.2183466 8.2282305 8.1520443 7.9568434 7.6343913 7.6957521 7.9020720 7.5915627 6.2651033 5.2573900 3.8502150 3.5652382 4.3501592 4.1549587 3.7192574 3.1254189 2.6304162 1.9760406 1.4184418 1.1042262 0.7673608 0.7113538 0.5560992 0.5532165 0.4654997 0.2505318 0.1694040 0.1179271 0.0240330 0.1236925 0.1022780 0.3296005 0.3608985 0.5709246 0.5824554 0.6499932 0.7212374 1.0144503 1.2290064 1.6342334 2.3647947 2.4908104 2.0769355 1.7174201 2.0662282 3.0212293 3.8913965 4.8472214 5.7009158 6.3161688
6.3960609 6.4664817 6.5797310 6.7621655 7.1344471 7.4235415 7.6735139 7.9271927 8.1343365 8.1940489 8.1771650 8.0239697 7.7702909 7.5318494 7.5133176 7.7114010 7.0356112 5.3805227 2.9236290 1.3521394 1.3142524 2.5599957 2.8853302 2.6802459 2.0707581 1.5415747 0.9740924 0.7191783 0.3386604 0.5680419 0.6364033 0.5915154 0.5124467 0.3794302 0.2933607 0.1969957 0.1010426 -0.0295031 0.0005595 -0.1196907 0.1755813 0.3287768 0.6442278 0.7191783 0.7838334 0.9654443 1.2965443 1.6354687 2.0971143 2.4558060 2.5834692 2.4166837 2.5464056 2.8676221 3.4594016 4.3159785 4.8109813 5.6930914 6.4038854
6.4537153 6.5817900 6.6830969 6.9017711 7.3024678 7.5825028 7.8559484 7.9967895 8.0836830 8.1285706 8.0404415 7.8913646 7.6236844 7.3803010 7.2406955 7.3152342 6.3285232 3.6245396 1.0572792 0.0417411 -0.0373276 0.7368864 1.0543965 0.7447109 0.4984450 0.1080435 -0.1695205 -0.2687681 0.0170322 0.5729837 0.8365459 0.7475936 0.5005041 0.3757238 0.2348828 0.1072198 0.0697446 0.1364588 0.1442833 0.4057864 0.9753278 1.0502783 0.7924815 0.8863756 1.1528205 1.3451385 1.4752724 1.7067130 2.1354134 2.2935507 2.4088590 2.5875871 2.8013196 3.1851320 3.6167152 3.8823366 4.2690315 5.6795011 6.3775291
6.2408066 6.8305268 6.9701324 7.0220213 7.3737121 7.5054932 7.7982941 7.8044715 7.8543010 7.8588309 7.7319918 7.5853853 7.3473558 7.0648499 6.9400697 6.9594250 5.7322135 2.8161449 0.5622764 0.0680973 0.3011851 0.6508169 0.6940575 -0.0999236 0.0083840 -0.1361634 -0.2580609 -0.2494128 -0.0216785 0.4477916 0.6557587 0.5231540 0.2974788 0.4720888 0.6479341 0.6372269 0.5709246 0.5388029 0.7331800 1.3307250 1.6910639 1.0844591 0.7076474 0.8699030 1.0737518 1.1997675 1.4089700 1.7281274 2.0085740 1.9117973 1.9859241 2.1362369 2.4916341 3.0504682 3.3815684 3.4285154 4.0289431 5.9401808 6.2408066
5.8219895 6.8412342 7.0866761 6.9763098 7.2584033 7.2621098 7.4457798 7.5232010 7.5680890 7.5796199 7.5219655 7.3943028 7.1237397 6.8511176 6.6559167 6.6402678 5.6090808 2.9763415 1.0132149 0.6088116 0.6314615 0.8950237 0.9975659 -0.0257967 0.0133258 -0.0756264 0.0512129 0.3452494 0.4918559 0.3287768 -0.0286794 -0.1995830 -0.0385630 0.3090096 0.6384624 0.8608430 1.0436893 1.1314061 1.2075920 1.4155591 1.3529631 1.1940020 1.2339482 1.2846016 1.1511732 1.1734113 1.5642246 1.9900423 2.0748763 1.9995141 2.0913491 2.0456374 2.3775611 2.9685168 3.3638601 3.4606371 3.9947622 5.7182121 5.6762066
6.7868743 7.0726748 7.0875001 6.9478941 6.9664259 7.0384936 7.1657448 7.2897015 7.3502383 7.3667111 7.3230586 7.1587439 6.8795328 6.6439743 6.4623632 6.4310651 5.4204688 3.1900740 1.3912619 0.7953643 0.5017395 -0.0628601 -0.3490722 -0.5619811 -0.5541565 -0.6525806 -0.5298594 -0.0031468 0.7068238 0.6578177 -0.0365039 -0.2267629 -0.1303980 -0.1019827 0.0903354 0.5573347 1.0531610 1.4283253 1.3706712 1.1762940 1.3373140 1.5765791 1.6832395 1.6498823 1.4781551 1.4810377 1.7165965 2.0299885 2.2700772 2.4175072 2.2601936 2.1597104 3.1188297 4.3884583 4.8393970 4.5766582 4.6862011 4.9320555 4.5902481
6.8787093 7.0384936 6.8630600 6.8161130 6.6822729 6.7222190 6.8461757 6.9606605 7.0611439 7.1459780 7.1052079 6.9734268 6.7514582 6.4994268 6.3532319 6.2692218 5.3628149 3.2448454 1.6062298 0.9399117 0.2632981 -0.4544971 -0.7122939 -0.8918456 -0.7514164 -0.6488742 -0.2786517 0.9197327 1.7087721 1.4213245 0.6578177 0.3345422 0.1706395 0.1772286 0.5795727 1.0749873 1.6412342 1.9245635 1.5415747 1.2986033 1.2710117 1.3121933 1.4419153 1.7474827 1.6568832 1.5864626 1.7252446 1.9867477 2.3297904 2.5847044 2.2507217 2.4566298 4.1088352 5.2730389 5.3220448 4.9069347 4.2076712 3.9556398 3.7933843
6.1333222 6.7621655 6.6715660 6.4928379 6.4586568 6.4215937 6.5426674 6.6382089 6.7300439 6.8140540 6.8227024 6.7156301 6.5896144 6.4360070 6.3441720 6.1324987 5.3393412 3.7917371 2.1724768 1.3471977 0.6821149 -0.1888758 -0.6966448 -0.8646657 -0.7893034 -0.4623216 1.0564556 2.2807844 2.6851876 2.3120823 1.6733558 1.4538579 1.4019691 1.1305825 1.3278422 1.4312080 1.9459779 1.9274462 1.6297034 1.1960611 0.9275572 0.8023651 1.0173330 1.3698475 1.6577069 1.6021117 1.6498823 1.9076791 2.2478390 2.4957523 2.4644542 3.8110924 5.1939702 5.5015969 5.4830651 4.6713758 3.9342253 3.3832157 3.2291965
5.4908895 6.1567960 6.3981199 6.1918001 6.2651033 6.1666794 6.2651033 6.3112268 6.4010029 6.4685407 6.4780126 6.5356665 6.4615397 6.4458909 6.4360070 6.2350411 5.4225283 3.8708057 2.6547132 1.8669093 1.4048518 0.5231540 -0.0249731 -0.1938176 -0.2564136 0.3073624 1.7973124 2.8367360 3.2221956 2.7086611 2.0785828 1.7800162 1.9859241 1.7067130 1.4147354 1.5251021 1.7828989 1.7721916 1.6869458 1.2631872 0.8217205 0.7105302 0.8707266 1.2652463 1.5580474 1.6432933 1.6890049 1.7623081 2.1032917 2.3425567 2.6823049 4.6528440 5.8812909 6.1666794 5.4303527 4.6128979 3.5339403 2.8873892 2.6304162
5.1420813 5.7935743 6.0855517 6.0328393 6.0806098 6.0213084 6.0287213 6.0670199 6.0769038 6.1440296 6.2152739 6.3042259 6.3952374 6.4574213 6.4928379 6.4743061 5.6197877 3.9811723 2.7650800 2.4138010 2.0308120 1.4077345 1.0951662 0.9419708 0.7574772 1.2957206 1.9673924 3.0064039 3.2279611 2.6921885 1.9546261 1.4633297 1.7417173 1.8825583 1.5358093 1.5728728 1.8306695 1.9645097 1.9068555 1.6568832 1.2388901 1.0366884 0.7994824 1.1853540 1.5765791 1.6618249 1.6218789 1.6420578 2.1988330 2.4751616 2.8775055 5.5983734 6.6802139 6.3297586 5.5942554 4.4321108 3.2683189 2.3178477 2.1177053
5.4155273 5.9360623 5.9311209 6.0064831 5.9488287 5.9603596 5.9060001 5.8541112 5.8541112 5.9018817 5.9673605 6.0863752 6.2387471 6.3767056 6.4574213 6.5191941 6.1119080 4.4625850 3.0690000 2.6753039 2.3297904 1.9196217 1.9204454 1.8854411 1.7322456 1.6305270 2.1560042 2.9779887 3.2329028 2.8532085 2.1576514 1.6362925 1.7573663 2.1675351 1.8627912 1.8920301 2.1049390 2.2573109 2.1774185 2.0308120 1.7660145 1.1519969 0.7097065 0.8266623 1.2644227 1.7466590 1.7124784 1.9789232 2.6765394 2.9615161 3.4458115 6.1823287 6.9557190 6.5632582 5.6605577 4.4782343 2.9438081 1.7878406 1.7281274
5.9603596 5.8656421 5.8747020 6.0200729 5.9195900 5.8549347 5.7260365 5.6939149 5.6795011 5.7445683 5.8549347 5.9624186 6.0365458 6.1596785 6.2869296 6.2185683 6.1901531 5.7651591 4.3522186 2.8503258 2.1090572 1.8804992 2.0736408 2.0884664 1.6980648 1.4205009 1.7203028 2.5962353 3.0945327 2.8639157 2.6147671 2.2721362 2.1716530 2.3512049 1.9752169 1.9369180 2.1069980 2.1695940 2.0600510 1.9587443 1.8080196 1.0716927 0.3786065 0.5210949 1.2924261 1.9303290 2.5179904 3.0727065 3.3988645 3.6072435 4.4634089 6.5150757 7.1743932 6.5541983 5.6527333 4.5082965 2.9841659 1.3871437 1.0980489
6.0336628 5.9216490 5.8755255 5.8347559 5.8718195 5.8051052 5.6605577 5.6276126 5.6033154 5.6234941 5.6852665 5.7614527 5.9187665 5.8845854 5.9459462 5.8689365 5.8442278 6.0085421 5.6482034 4.2389693 2.7292519 2.1860666 1.8706157 2.0678754 1.7025948 1.4147354 1.6313506 2.1148226 2.3923864 2.2153056 2.0279293 1.9274462 1.7738389 1.8669093 1.8051369 1.8599085 1.9439189 1.9480370 1.9117973 1.8570257 1.6774740 1.0160975 0.4440853 0.6413451 1.5036876 2.4310973 3.2341383 3.9021037 3.8345659 4.8892264 6.7778144 7.5512047 7.0866761 6.3746467 5.5473084 4.4362288 2.8462076 1.0445129 0.3102451
6.0797863 6.0435467 5.7906914 5.6795011 5.6333780 5.6148462 5.6148462 5.5629573 5.5720172 5.6391435 5.6638522 5.6313186 5.7202711 5.7552752 5.6033154 5.6000209 5.5357776 5.6078453 5.7495098 5.4105854 4.5622444 3.4799924 1.7095957 1.8912065 2.0493438 1.8990309 1.9369180 2.0336947 2.0435784 2.0036323 1.9603915 2.0201049 1.8912065 1.9900423 2.0505793 2.0670519 2.0847600 2.0551093 1.9047964 1.7544836 1.6498823 1.1960611 0.6656423 0.8237796 1.7408936 2.6872466 3.3024998 3.8745120 4.7751536 6.9664259 7.8415351 7.5083756 6.9849577 6.3120503 5.3871121 4.1166596 2.3199069 0.2896543 -0.3589558
6.1003771 6.0122485 5.5658402 5.0922518 4.9888859 5.1556716 5.6440849 5.6362605 5.5571918 5.5650163 5.6206117 5.6638522 5.5357776 5.5827246 5.4488845 5.2965126 5.2643909 5.1655550 5.1412578 5.0593066 4.6149569 3.5994189 1.7351283 1.9360944 2.2523689 2.2144821 2.1654758 2.1127634 2.0093977 2.0798182 2.1625931 2.2321901 2.1148226 2.1617696 2.0905254 1.9752169 1.9879832 2.0201049 1.9138564 1.7330692 1.5209839 1.1676458 0.9712096 1.1548796 1.8150206 2.6324751 3.4771097 4.5317702 6.7741079 8.0280876 7.7484646 7.5318494 7.0854406 6.2416301 5.1177845 3.5866528 1.7017711 -0.3185978 -0.9700906
5.7820435 6.0299568 5.1791449 4.0915389 3.7056675 4.0132937 5.0992527 5.6646757 5.6218472 5.5670753 5.5827246 5.5749002 5.5221877 5.4418836 5.3385177 5.1667905 4.8933444 4.8031569 4.6833186 4.5581264 4.1257195 3.1488924 1.8862647 2.0736408 2.1716530 2.1930676 2.1794777 2.0707581 1.9525670 1.9645097 1.9731579 2.0757000 2.2906680 2.2770779 2.0962908 1.9772760 1.9710988 2.0114567 2.1119399 1.9566852 1.6021117 1.2487736 1.1013435 1.2866607 1.8298459 2.8004961 3.9733479 6.1510305 8.1413364 7.9469600 7.8024125 7.6422162 7.1237397 6.2877536 4.7936850 3.0455265 0.9147909 -0.9103773 -1.3061324
4.5173569 5.6869140 5.2330928 4.3423347 3.5219975 3.4194553 5.0189486 5.5436020 5.5094213 5.4575324 5.4105854 5.3315167 5.3484011 5.3578730 5.2203264 5.0387158 4.7945089 4.6236053 4.4926476 4.1784320 3.7048438 2.9713995 1.9888068 2.0015731 1.7738389 1.7594254 1.9694515 1.9097382 1.9830414 1.9801587 2.0884664 2.2573109 2.5249913 2.4187427 2.2173648 2.0847600 2.0892899 2.3425567 2.4986351 2.2914915 1.9665688 1.5386920 1.1540560 1.3443149 1.9760406 2.9557507 4.1743140 6.0134840 7.9712567 7.8386521 7.6957521 7.6549821 7.2592273 6.2671628 4.7055564 2.2758424 0.1401651 -0.8206015 -0.7699481
3.2143710 4.3073306 4.9011693 4.6627278 4.2126131 3.1937802 4.5844827 5.2125020 5.2166200 5.2837462 5.2104430 4.8900499 4.8080988 5.0630126 5.1774974 4.9419389 4.7858605 4.6157808 4.4370527 4.1236606 3.5355875 2.7926714 1.8747338 1.7301865 1.5152185 1.4868032 1.6832395 1.9138564 1.9978667 2.1111162 2.2622526 2.4401572 2.7407827 2.6390643 2.4418044 2.3120823 2.3190832 2.5571129 2.8503258 2.8132622 2.4743378 1.9196217 1.4460335 1.4526225 2.1004090 3.0924735 4.2887988 5.4097619 7.3774185 7.5746779 7.3724766 7.4869614 7.4877849 6.4821305 4.3060951 1.8640267 -0.0513293 -0.6908795 -0.3091261
