public/V.asc
NCOLS 221
NROWS 89
XLLCORNER 89.875
YLLCORNER -11.125
CELLSIZE 0.25
NODATA_VALUE -999
[rows 32 to 63 of 89, columns 144 to 215 of 221]
9.5616 9.4846 9.0613 8.726 8.3219 7.8715 7.3081 6.5619 5.3212 3.8831 3.2959 5.2773 7.0017 7.8991 8.0106 7.7297 7.3956 6.9286 6.405 5.9186 5.4337 5.1149 4.8141 4.4796 4.1116 3.7679 3.4085 3.1931 3.0244 2.8931 2.841 2.8803 2.9651 3.057 3.0881 3.0644 2.9964 2.835 2.7865 2.7167 2.6419 2.539 2.3904 2.2524 2.1622 2.001 1.9826 2.0207 2.0807 2.1432 2.1781 2.2377 2.3179 2.3691 2.419 2.4245 2.4541 2.4682 2.4825 2.4846 2.4858 2.5014 2.6037 2.6671 2.6934 2.668 2.7442 2.8322 2.9377 3.0472 3.0919 3.1101
9.6009 9.4452 9.0987 8.748 8.3223 7.794 7.1727 5.9358 4.6274 3.1367 2.4597 5.1574 7.466 8.2477 8.1458 7.8769 7.4496 7.0432 6.3645 5.8688 5.4187 5.0689 4.7629 4.4112 4.0396 3.5909 3.1881 2.9219 2.7869 2.6977 2.6873 2.7143 2.8005 2.8882 2.8761 2.8272 2.7802 2.7157 2.6541 2.6037 2.5441 2.4403 2.2866 2.155 2.0798 2.0243 1.96 1.9976 2.028 2.1099 2.1762 2.2194 2.2022 2.2042 2.2289 2.2409 2.2599 2.2493 2.2692 2.329 2.3623 2.4599 2.5382 2.5668 2.6013 2.6065 2.6757 2.7571 2.8533 2.9583 3.0088 3.0339
9.6408 9.3648 9.0918 8.6956 8.2422 7.7218 6.7458 5.3331 3.8686 2.4896 2.1902 5.603 7.8323 8.3702 8.2641 7.9686 7.5295 7.0621 6.3455 5.7603 5.3823 5.0647 4.7715 4.4132 3.8759 3.3705 2.8822 2.5256 2.4367 2.4019 2.3999 2.4879 2.5753 2.6329 2.6285 2.6094 2.581 2.5441 2.4558 2.4233 2.3981 2.2945 2.1604 2.0453 1.9799 2.0154 1.954 2.0082 2.0409 2.0671 2.1264 2.1132 2.0968 2.0591 2.0759 2.1016 2.1375 2.1532 2.1968 2.2552 2.3141 2.3944 2.4299 2.4645 2.5178 2.6021 2.6765 2.7681 2.8617 2.9148 2.9628 3.0013
9.5326 9.2363 8.9659 8.6511 8.2003 7.524 6.5208 4.333 2.881 2.2106 2.7814 6.1015 7.9558 8.4993 8.2734 7.9628 7.5836 7.0552 6.3596 5.71 5.3444 5.1211 4.8237 4.3759 3.8383 3.1518 2.5867 2.1223 2.0486 2.0344 2.09 2.18 2.3315 2.3929 2.3657 2.3581 2.4058 2.3788 2.2977 2.2716 2.2515 2.2355 2.1056 2.0237 1.9583 1.9998 1.9957 2.0371 2.0479 2.0748 2.0965 2.0848 2.051 2.0168 2.0125 2.0535 2.1051 2.1685 2.2125 2.2565 2.315 2.3567 2.3893 2.4296 2.4999 2.6108 2.7194 2.8104 2.862 2.9138 2.9499 2.9947
9.2391 9.0392 8.8175 8.5491 8.1397 7.4632 5.3551 2.9347 1.9936 1.9018 2.8726 6.3153 8.1052 8.585 8.3592 7.9801 7.6463 7.0383 6.3297 5.6851 5.3733 5.167 4.9011 4.4533 3.7286 3.0243 2.2951 1.7753 1.6215 1.6312 1.7027 1.8757 2.0273 2.1573 2.1186 2.1266 2.2356 2.2401 2.237 2.1978 2.1432 2.1273 2.0911 2.0147 1.9708 1.9452 1.998 2.0304 2.0376 2.0597 2.0814 2.0826 2.0429 2.0338 2.0177 2.0658 2.1339 2.1943 2.23 2.2741 2.3022 2.3424 2.4064 2.4569 2.5377 2.6501 2.7593 2.8533 2.9049 2.9669 3.0006 3.0721
8.871 8.8182 8.6548 8.3912 7.9512 7.0433 4.8789 2.0146 1.3629 1.4275 2.1812 5.9805 8.159 8.6212 8.4223 8.0486 7.6241 7.0251 6.256 5.6202 5.3853 5.3174 5.0554 4.4528 3.6733 2.7712 2.007 1.4157 1.1515 1.1887 1.3482 1.5196 1.7253 1.8663 1.9296 1.9387 2.0789 2.169 2.2004 2.1389 2.0703 2.0085 1.9879 1.9788 1.9658 1.8796 1.945 1.9805 2.0114 2.0263 2.0413 2.0434 2.0335 2.0428 2.0442 2.0836 2.1432 2.1832 2.2178 2.2451 2.2624 2.3367 2.4214 2.5156 2.6049 2.6921 2.7986 2.8931 2.9882 3.0578 3.1251 3.2088
8.4935 8.5366 8.5552 8.2237 7.7719 6.8592 4.5932 1.5689 1.5256 1.4783 1.938 6.1037 8.1811 8.4394 8.2775 8.083 7.5274 6.9911 6.2559 5.6338 5.5297 5.4395 5.256 4.6386 3.5887 2.6146 1.6262 0.9578 0.7946 0.924 1.0421 1.2665 1.491 1.657 1.7444 1.8218 1.9741 2.1273 2.1599 2.151 2.02 1.9268 1.9434 1.9773 2.0079 1.9404 1.9338 1.8958 1.9335 1.9455 1.9662 1.9969 1.9918 2.0208 2.0544 2.0761 2.0862 2.1357 2.1808 2.2165 2.2721 2.3544 2.465 2.5797 2.6539 2.7258 2.8327 2.9315 3.0408 3.1465 3.2243 3.2526
8.2369 8.3065 8.3324 8.046 7.5278 6.4407 4.2616 1.8655 1.9663 1.7529 2.7403 6.2773 7.9325 8.2808 8.2267 8.0329 7.6075 6.9583 6.0785 5.5291 5.5672 5.7742 5.6286 4.8387 3.5984 2.3069 1.2228 0.5055 0.3413 0.6007 0.8377 1.0339 1.2344 1.4452 1.6666 1.8113 1.8396 2.005 2.015 1.9951 1.8592 1.7555 1.7634 1.8252 1.8803 1.8716 1.8448 1.8053 1.7724 1.7956 1.8508 1.8854 1.8968 1.9584 2.0202 2.0629 2.0432 2.0614 2.1135 2.2003 2.2796 2.3331 2.4359 2.5451 2.6646 2.7931 2.8782 2.957 3.0439 3.1437 3.2389 3.2685
7.9072 8.0893 8.1668 7.8546 7.1464 5.9415 3.9857 1.8791 1.355 1.6106 4.1831 6.5475 7.4927 8.0295 8.2324 8.0523 7.7276 6.9525 6.1785 5.6798 5.6903 6.0264 5.9402 5.1223 3.7287 2.1319 0.8891 0.2219 0.126 0.3831 0.7665 1.0367 1.3064 1.5607 1.6945 1.8046 1.7545 1.733 1.8046 1.8261 1.7857 1.7336 1.7189 1.7762 1.8462 1.8487 1.7909 1.7399 1.6802 1.6968 1.743 1.776 1.8165 1.8654 1.9058 1.9438 1.9305 1.9824 2.074 2.1739 2.2523 2.3174 2.4005 2.5053 2.6214 2.7513 2.8703 2.9794 3.057 3.1198 3.1951 3.2387
7.6357 7.9692 7.9876 7.6144 6.8002 5.5403 3.6363 1.6594 1.4734 1.922 3.8631 6.3475 7.4702 7.9478 8.152 8.1786 7.8954 7.1528 6.1493 5.5804 5.9121 6.3956 6.3072 5.3295 3.5927 1.8714 0.7637 0.0481 0.0195 0.1093 0.5217 0.9665 1.3207 1.6033 1.7118 1.7055 1.639 1.4743 1.5018 1.5448 1.5629 1.5193 1.4941 1.5536 1.5282 1.5545 1.5522 1.5498 1.5253 1.5389 1.5764 1.6242 1.6746 1.6991 1.7948 1.8437 1.8807 1.9067 1.9618 2.044 2.1355 2.2395 2.3299 2.4658 2.5965 2.7341 2.8628 2.9505 3.0189 3.0784 3.1354 3.1679
7.4953 7.8298 7.8838 7.5432 6.598 4.9535 2.9849 1.7699 2.5569 3.1928 3.4113 6.0017 7.5109 7.8789 8.0986 8.267 8.0912 7.4398 6.2772 5.8603 6.0493 6.7929 6.723 5.4452 3.5626 1.6582 0.679 0.1176 -0.0375 0.0278 0.3895 0.8667 1.2795 1.5428 1.7253 1.6722 1.5283 1.3502 1.3282 1.3601 1.3941 1.3964 1.3826 1.452 1.4436 1.4297 1.4085 1.44 1.4212 1.414 1.412 1.4603 1.5692 1.6206 1.6986 1.7263 1.8194 1.8464 1.8941 1.9363 2.016 2.1659 2.3081 2.4637 2.5521 2.6657 2.7687 2.8642 2.9395 2.9953 3.0279 3.0857
7.4255 7.694 7.8314 7.5106 6.278 4.5878 2.6733 1.7183 3.161 4.4303 4.4454 6.0031 7.3246 7.7866 8.027 8.3026 8.2027 7.5345 5.943 5.5831 5.6826 6.7761 7.0918 5.7803 3.4085 1.4623 0.38 0.1585 -0.1255 -0.2107 0.0705 0.7042 1.1636 1.708 1.9012 1.8536 1.6727 1.3646 1.1686 1.1983 1.2302 1.2325 1.2216 1.2619 1.2518 1.2124 1.1841 1.255 1.2407 1.2743 1.2796 1.3543 1.4639 1.5131 1.5925 1.6509 1.755 1.7868 1.8294 1.875 1.979 2.1324 2.2632 2.4093 2.5123 2.6094 2.6925 2.7654 2.8398 2.8944 2.9453 3.0141
7.2033 7.6248 7.7698 7.6982 6.4716 3.9278 1.9414 1.742 3.0884 4.8223 5.3979 6.4416 6.984 7.4525 7.7237 7.9782 8.3 7.5526 4.991 4.4421 4.5961 6.8333 7.1942 5.7948 3.3965 1.2977 0.2069 0.3186 -0.2499 -0.2911 -0.0793 0.5395 1.2937 1.849 2.2965 2.3044 2.0578 1.5206 1.2185 1.1557 1.1902 1.2075 1.1959 1.1469 1.107 1.0461 1.0207 1.0942 1.1358 1.1675 1.2056 1.2797 1.3772 1.4174 1.4816 1.5595 1.6531 1.7561 1.8021 1.9104 2.0159 2.1003 2.1956 2.3313 2.4419 2.5368 2.5806 2.6526 2.7233 2.7795 2.8885 2.9556
6.9985 7.5481 7.7302 7.7428 7.0141 4.4702 1.4783 1.3672 2.7053 4.6199 5.5026 6.1507 6.7144 7.1905 7.4617 7.7845 8.2084 7.7527 5.273 4.7053 4.884 7.1787 7.1583 5.7591 3.0322 0.9263 0.1313 0.1109 -0.6569 -0.4637 -0.2146 0.5279 1.2824 2.0588 2.5735 2.748 2.5327 1.8395 1.0866 1.0346 1.2795 1.2968 1.0865 1.0172 0.9384 0.9051 0.8978 0.9731 1.036 1.1329 1.1709 1.1963 1.2838 1.347 1.4109 1.4918 1.5694 1.6921 1.7952 1.9034 2.0052 2.0752 2.1218 2.2446 2.345 2.4433 2.4836 2.543 2.6139 2.71 2.8286 2.9321
6.8989 7.3736 7.6133 7.8808 7.2415 5.3128 2.21 0.824 2.2005 4.4089 5.1484 5.8002 6.5221 6.9366 7.2357 7.6178 8.1392 8.0931 7.068 6.3076 6.4422 7.1327 6.9737 4.8825 2.1067 0.7851 0.2666 -0.2538 -0.9729 -0.6559 -0.4181 0.3541 1.2459 2.0106 2.6794 2.9379 2.937 2.147 1.1177 0.8674 1.1712 1.203 0.9495 0.7784 0.7043 0.7636 0.7939 0.8681 0.965 1.0669 1.1443 1.1738 1.2201 1.3163 1.4148 1.5101 1.5759 1.6217 1.7293 1.8273 1.936 2.0151 2.0652 2.1458 2.2402 2.3442 2.3901 2.4508 2.5668 2.67 2.7679 2.8969
6.593 7.0383 7.656 7.853 7.6807 6.1504 3.3871 1.3974 2.2582 4.1933 4.756 5.2897 6.0454 6.5372 6.8567 7.2499 7.6913 8.3756 7.7048 5.7575 5.9917 6.4361 5.6256 3.4222 1.781 1.0104 0.9211 0.3328 -0.075 -0.2782 -0.3911 -0.1133 0.8312 1.8873 2.5856 3.0229 3.1367 2.4456 1.4045 1.0438 0.9082 0.9234 0.8203 0.6759 0.658 0.7461 0.776 0.7843 0.8466 0.9512 1.0372 1.1538 1.2284 1.3484 1.4375 1.517 1.5725 1.6123 1.6738 1.7475 1.8316 1.9296 2.0126 2.0596 2.1399 2.1858 2.2534 2.3749 2.5037 2.6344 2.7391 2.7952
6.2076 6.7984 7.4704 7.8765 7.7774 6.5287 3.8783 1.4059 2.2332 3.7767 4.2154 4.6621 5.501 6.2132 6.5707 6.8093 7.3586 8.2033 7.751 4.466 3.7883 3.6435 3.3117 2.3761 1.4606 1.1326 0.7446 0.5572 0.6284 0.213 -0.1648 -0.3517 -0.0353 1.0913 2.5694 3.1944 3.0342 2.697 1.8324 1.1002 0.6461 0.5022 0.4881 0.4168 0.4772 0.5162 0.4554 0.454 0.5561 0.7277 0.8892 1.0394 1.192 1.2614 1.3093 1.371 1.439 1.5394 1.5854 1.6301 1.7118 1.8252 1.9539 1.9941 1.9981 2.0407 2.2182 2.3856 2.514 2.6167 2.6918 2.7349
5.4802 6.287 7.1954 7.9329 8.0793 6.8402 3.6189 0.1464 1.1028 3.673 3.856 3.9584 4.7164 5.6471 6.1613 6.3681 6.8229 7.5049 8.6946 7.0193 4.8498 3.6648 3.1977 2.4381 1.5076 1.0338 0.6573 0.6666 0.6868 0.436 0.25 -0.0695 -0.0401 1.0462 2.8149 3.4514 2.9107 2.4765 1.7459 1.2671 0.8769 0.6339 0.5155 0.417 0.4754 0.3916 0.4245 0.4289 0.3869 0.4792 0.6633 0.8643 1.0289 1.0688 1.0685 1.0973 1.2272 1.3799 1.4744 1.5626 1.6468 1.7017 1.7923 1.8158 1.8923 1.9968 2.1143 2.2442 2.3912 2.5261 2.6207 2.7134
4.5698 5.6196 6.9446 7.6751 8.1243 7.4079 5.0594 1.8718 1.9906 3.9317 3.1649 2.9189 3.8149 5.128 5.8567 5.8932 5.8293 6.4289 8.4201 8.336 7.5242 6.8012 6.0286 4.4758 1.9796 0.7494 0.5424 0.5005 0.5426 0.5123 0.341 0.2601 0.4575 1.5042 3.0519 3.3488 2.7234 2.1316 1.615 1.0769 0.3166 -0.1507 -0.2851 -0.2184 -0.0385 -0.0072 0.1955 0.2995 0.2653 0.2784 0.4292 0.6194 0.7633 0.8948 0.9023 0.8756 0.9511 1.1165 1.2661 1.3639 1.4524 1.544 1.6247 1.6651 1.7562 1.8876 2.0289 2.1475 2.2699 2.4181 2.5744 2.7279
3.767 5.0702 6.4805 7.6181 8.0383 7.8626 5.9044 4.452 4.0914 3.6017 2.1293 1.8793 2.738 4.17 5.3369 5.3968 4.5316 5.1347 7.8193 8.5899 8.2392 7.9629 7.3708 6.1295 3.8483 1.2092 0.3927 0.2538 0.1427 0.0428 -0.2291 -0.0713 0.8593 2.0184 2.802 2.7223 2.2555 1.7901 1.4707 1.0731 0.4415 0.0374 -0.1304 -0.345 -0.2216 0.1793 0.3935 0.3838 0.417 0.4373 0.474 0.5912 0.5486 0.6006 0.6468 0.7058 0.7164 0.8249 1.0222 1.2594 1.382 1.444 1.4647 1.5371 1.6138 1.7089 1.7974 1.9126 2.0593 2.2384 2.5208 2.7213
2.5486 3.9148 5.8913 7.2974 8.1698 8.008 7.4926 6.3443 4.927 3.1175 1.3744 0.9786 1.8486 2.9869 4.1797 5.4739 5.2519 5.8201 7.8258 8.3531 8.5393 8.213 7.9296 6.7796 4.8488 2.0766 0.8862 0.9057 0.8563 0.585 0.1716 0.0386 0.8999 1.4416 2.001 1.8341 1.6266 1.3045 1.1992 0.8712 0.7138 0.3376 -0.0499 -0.3283 -0.2695 0.2125 0.4076 0.4149 0.4569 0.5714 0.6052 0.5426 0.5119 0.3859 0.2944 0.3287 0.3629 0.468 0.7409 0.9906 1.2374 1.3183 1.3687 1.3847 1.4331 1.545 1.6302 1.7759 1.9302 2.129 2.3712 2.6282
1.1885 2.4912 4.8163 7.172 8.0968 8.7683 8.304 7.3557 5.9236 3.447 1.2226 0.7654 1.2911 2.3401 3.0734 4.37 6.2294 6.935 7.7252 8.2846 8.5609 8.3659 8.0653 7.5231 5.6148 3.3739 2.115 2.1022 2.0969 1.828 1.0135 0.7963 0.2325 0.7207 1.0011 0.9868 1.1345 1.0669 0.9448 0.6765 0.5054 0.3984 0.0379 -0.0167 -0.0294 0.2546 0.2817 0.3131 0.4192 0.5284 0.556 0.5006 0.4399 0.3125 0.1957 0.193 0.1858 0.0827 0.3424 0.5333 0.7741 1.0748 1.2324 1.2489 1.2858 1.3476 1.4055 1.5507 1.7263 1.9222 2.1912 2.4599
0.4063 1.1935 3.6907 6.1982 8.2906 8.9621 8.8914 7.9453 6.4323 3.6742 1.3971 1.3317 1.6833 1.0634 1.7965 3.6346 5.8344 6.9728 7.2957 8.1923 8.5374 8.3856 8.0952 7.5531 6.8409 4.8998 2.852 2.6607 2.7068 2.5495 1.6932 0.6545 0.0907 0.16 0.4046 0.5907 0.8278 0.8735 0.6708 0.4131 0.2622 0.1553 0.1957 0.2559 0.1227 0.196 0.1416 0.286 0.393 0.3454 0.3729 0.2854 0.2185 0.2202 0.2441 0.2428 0.2131 0.0577 0.0875 0.2785 0.3694 0.6885 0.9287 1.0537 1.1788 1.1155 1.1678 1.2691 1.4447 1.6482 1.9341 2.2276
0.2232 -0.5641 1.8713 5.2112 7.3759 8.6887 8.5428 7.7372 6.0993 3.3354 1.6449 2.0089 1.7098 0.9514 0.8083 2.5791 4.7285 6.2284 6.6349 7.947 8.2561 8.2668 7.9778 7.7834 7.161 5.4276 2.7479 2.4034 2.764 2.6457 2.0577 0.9704 0.234 0.3416 0.441 0.5556 0.7218 0.6588 0.3985 0.365 0.2326 0.1595 0.1853 0.1523 0.0486 -0.0212 0.0194 0.2832 0.3752 0.2884 -0.018 -0.1399 -0.1076 -0.0559 0.1458 0.1424 0.1844 0.1502 0.1667 0.2525 0.3053 0.3183 0.4335 0.7085 1.0437 0.9545 0.9127 1.0135 1.1543 1.3638 1.6015 1.8857
0.5654 -1.5824 -0.3077 3.3679 5.9712 7.6456 8.1508 7.1834 5.3065 3.7607 2.3031 2.2381 1.8558 1.1242 0.8115 1.5149 3.3334 4.7855 5.343 7.0749 8.066 7.9959 7.7565 7.6145 7.2675 5.6551 2.8174 2.2925 3.0068 3.2851 2.732 1.5387 0.7219 0.6887 0.7242 0.6434 0.8721 0.6527 0.2813 0.355 0.3968 0.3365 0.2109 0.1037 -0.0052 -0.1134 -0.0354 0.1454 0.2183 0.0443 -0.3347 -0.4671 -0.4421 -0.25 -0.0323 -0.0723 -0.0726 -0.0639 0.0928 0.1998 0.2209 0.1672 0.0534 0.3082 0.6875 0.8126 0.6796 0.5426 0.6558 1.0385 1.3027 1.5087
3.6018 0.3601 0.6422 2.0573 3.8499 6.1466 7.5047 6.0852 4.0486 4.3329 2.5188 2.196 2.262 1.9064 1.6062 1.9015 2.535 3.2886 3.2815 5.4124 7.2249 7.5054 7.3425 7.2391 6.9267 6.0016 3.6123 1.8981 2.7843 3.5517 3.2217 2.0363 1.2468 1.3049 1.4068 1.0034 0.9033 0.5879 0.1446 -0.0362 -0.0383 -0.069 -0.184 -0.3014 -0.4018 -0.4544 -0.3009 -0.2442 -0.1443 -0.1537 -0.227 -0.2107 -0.1129 -0.0347 -0.0372 -0.3122 -0.3552 -0.1633 0.0448 0.1265 0.1455 0.1129 0.0138 0.0891 0.0995 0.1469 -0.0583 -0.2242 -0.0468 0.491 0.9496 1.0561
5.8313 2.054 1.0229 1.2534 2.122 4.1054 5.9866 5.7002 4.4701 4.2291 2.102 2.4351 2.9985 2.3699 1.6069 1.8047 2.5247 2.8329 2.378 3.6261 5.8832 6.8502 6.947 6.8995 6.7378 6.1501 4.7124 2.6309 2.612 3.5542 3.8939 2.9659 1.7998 1.4705 1.8242 1.7891 1.5167 0.9299 0.152 -0.2451 -0.2386 -0.2415 -0.3575 -0.3276 -0.1289 0.059 0.0801 -0.0686 -0.1317 -0.19 -0.247 -0.2277 -0.1661 -0.163 -0.2073 -0.1253 -0.1187 0.0475 0.1227 0.0611 -0.0007 -0.0326 -0.077 -0.2053 -0.3512 -0.2529 -0.1459 -0.0856 -0.0689 -0.0039 0.0605 0.0642
6.0171 3.3671 1.3426 1.3753 2.2521 3.6926 4.5785 4.648 4.6373 4.2541 3.1673 3.2845 3.2448 2.5842 2.1157 2.6578 3.6056 4.2685 4.4606 4.9657 5.8075 6.3837 6.294 6.4021 6.7462 6.4659 6.1919 4.6597 3.0623 3.4748 5.0012 4.9327 3.2372 1.5932 1.5888 1.6269 1.2634 0.8151 0.0102 -0.2862 -0.0542 0.0672 -0.192 -0.5208 -0.5288 -0.4527 -0.3466 -0.402 -0.4544 -0.3747 -0.3029 -0.1225 0.0307 0.0331 -0.2768 -0.2742 -0.3071 -0.1937 -0.1394 -0.1182 -0.0849 -0.1644 -0.1833 -0.36 -0.4265 -0.4515 -0.3801 -0.3115 -0.3337 -0.5 -0.5795 -0.3333
4.9926 4.1063 2.4744 1.8721 2.6473 3.3729 4.0154 4.2492 4.2213 4.0989 4.1029 4.0147 3.8877 3.5691 3.8071 4.3303 4.6215 4.821 5.2263 5.5269 5.8725 5.9771 5.9503 5.9436 6.0957 6.0968 6.0245 4.9351 2.5551 2.8096 4.5277 4.7307 3.8325 2.5911 2.1655 2.0329 1.5321 0.8375 0.2749 0.1473 0.3885 0.7487 0.6012 0.0597 -0.2311 -0.5927 -0.4431 -0.2484 -0.1262 -0.1825 -0.4741 -0.4444 -0.3373 -0.3185 -0.404 -0.2516 -0.12 0.0763 0.0929 -0.0368 -0.1051 -0.2885 -0.1763 -0.1102 -0.0004 -0.1322 -0.1928 -0.2048 -0.3523 -0.512 -0.5654 -0.2349
4.2049 3.7164 3.2726 2.7627 2.8785 3.5295 3.7489 3.9485 4.0088 4.0027 4.0259 4.065 4.044 4.0829 4.288 4.4896 4.7677 5.0669 5.3348 5.5515 5.7372 5.8253 5.831 5.8108 5.6346 5.5923 5.2741 4.438 2.6173 2.7009 3.9505 4.2743 3.5251 3.5657 3.3015 3.4512 3.0298 1.926 0.9861 0.7124 0.3867 0.6873 0.7973 0.4374 0.4353 0.0728 0.0977 0.1717 0.2745 0.2513 -0.0055 -0.0645 0.0051 0.0367 -0.0053 -0.1472 -0.5042 -0.4339 -0.4158 -0.5025 -0.3164 -0.3177 -0.1009 0.0869 0.3655 0.2473 0.2063 0.1963 0.062 -0.133 -0.2547 -0.0594
4.0363 3.6786 3.4235 3.3604 3.4609 3.5206 3.7285 3.7551 3.8307 3.9559 3.9574 4.0231 4.0815 4.1343 4.3841 4.6066 4.8419 5.2028 5.3644 5.5524 5.7483 5.8068 5.8132 5.7339 5.5593 5.1803 4.6842 4.1762 3.2782 3.2253 3.5719 3.9148 4.1397 4.1824 4.2748 4.4336 4.105 2.8118 1.7409 0.7287 0.3727 0.0973 0.2005 0.2398 0.323 0.0756 -0.0295 -0.1222 -0.0503 -0.0206 0.4424 0.4106 0.3579 0.3892 0.3797 0.2488 -0.1727 -0.5034 -0.4955 -0.4457 -0.2654 -0.2334 -0.1436 -0.1329 0.1177 0.0359 0.0658 0.0654 0.2217 0.0501 0.0058 0.1739
4.0052 3.8095 3.6956 3.6362 3.5559 3.6155 3.6976 3.6922 3.7221 3.8008 3.8787 3.9767 4.0257 4.2297 4.4795 4.6967 4.9003 5.1721 5.3574 5.5912 5.7493 5.8101 5.8872 5.808 5.6804 5.2942 4.7914 4.3631 3.8846 3.7565 4.0003 4.0522 4.277 4.6449 4.7837 4.716 4.3803 3.3544 2.4684 1.3562 0.7015 0.4262 0.6381 0.7145 0.5366 0.1274 -0.0901 -0.4829 -0.3899 -0.2865 0.1763 0.061 -0.0382 0.0292 0.2203 0.5376 0.5439 0.2149 0.1963 0.2463 0.122 0.1005 -0.1449 -0.3118 -0.198 -0.3027 -0.2904 -0.2969 -0.1407 -0.0051 0.0169 0.1684
