public/V.asc
NCOLS 221
NROWS 89
XLLCORNER 89.875
YLLCORNER -11.125
CELLSIZE 0.25
NODATA_VALUE -999
[rows 32 to 63 of 89, columns 0 to 71 of 221]
4.9137 4.9179 4.8573 4.8578 4.8879 4.9184 4.903 4.8377 4.7939 4.5974 4.4093 4.2057 4.048 3.839 3.6081 3.3136 2.927 2.4435 2.1178 2.0279 1.8327 1.6253 1.6403 1.695 1.7132 1.6136 1.4055 1.4122 0.9981 0.2668 0.0475 0.0241 0.3947 0.8674 1.0312 0.5481 0.0043 -0.0681 -0.1551 -0.3153 -0.1616 0.2902 0.5428 0.4002 0.1059 0.0064 -0.029 -0.0321 0.2333 0.5751 0.7285 0.7822 0.7572 0.5359 0.8913 2.0029 3.2754 4.2313 5.0113 5.5329 5.8018 5.9415 5.9957 6.0754 6.1172 6.1841 6.2343 6.268 6.2514 6.1511 6.0051 5.874
4.9979 5.0055 4.9744 5.0039 5.0166 4.9513 4.9006 4.828 4.7879 4.6148 4.422 4.197 4.0653 3.8594 3.5889 3.2776 2.822 2.3366 1.952 1.8105 1.6554 1.5712 1.5294 1.397 1.3852 1.6811 1.5124 1.3667 1.0103 0.3409 -0.0323 -0.0832 -0.0635 0.3134 0.6291 0.6725 0.4643 0.1465 0.0168 -0.1928 -0.1018 0.1982 0.4561 0.4384 0.181 0.1162 0.1458 0.1207 0.0814 0.4641 0.9348 1.0784 1.0629 0.8893 0.9195 1.8041 3.301 4.494 5.2237 5.6271 5.8929 6.0076 6.0457 6.1927 6.2995 6.3225 6.3685 6.3942 6.3822 6.2999 6.192 6.0317
5.0898 5.0945 5.0952 5.1066 5.0558 4.9895 4.9048 4.8312 4.7508 4.598 4.4124 4.2273 4.0887 3.9137 3.6453 3.303 2.8513 2.3656 1.9027 1.7125 1.5841 1.4934 1.4334 1.3153 1.4597 1.7144 1.4482 1.2327 0.9613 0.4796 0.031 -0.1658 -0.1379 -0.0025 0.2482 0.7647 1.0653 0.7422 0.1758 -0.0196 0.015 0.311 0.586 0.5864 0.4423 0.4079 0.4657 0.3764 0.327 0.4079 0.854 1.1146 1.1346 1.2055 1.1771 1.8062 3.4469 4.6696 5.3086 5.7041 5.9444 6.0496 6.2159 6.3206 6.4381 6.4993 6.5304 6.5539 6.5414 6.4589 6.3414 6.2218
5.163 5.1667 5.1615 5.1243 5.0765 5.0273 4.9431 4.8419 4.7392 4.6069 4.4301 4.271 4.142 3.9701 3.763 3.4223 3.0841 2.6239 2.0939 1.8232 1.6789 1.523 1.456 1.3588 1.4991 1.6044 1.375 1.1465 0.9242 0.5579 0.209 0.0056 -0.0169 0.1123 0.0021 0.4083 1.1292 1.1162 0.5122 0.3076 0.3303 0.3123 0.5676 0.5481 0.4536 0.5258 0.6782 0.6442 0.6174 0.6834 0.6573 0.9027 1.0075 1.1958 1.412 1.9614 3.5118 4.8277 5.4655 5.7326 5.9671 6.115 6.3257 6.4526 6.5706 6.6351 6.675 6.699 6.7148 6.6355 6.5301 6.4361
5.2232 5.2215 5.1861 5.1434 5.1398 5.0908 5.0535 4.9551 4.84 4.7101 4.542 4.3959 4.2605 4.0943 3.887 3.6851 3.3822 3.0153 2.5111 2.1196 1.802 1.6256 1.3971 1.2997 1.2755 1.3369 1.3299 1.189 0.9947 0.7731 0.4638 0.3115 0.2893 0.2857 0.1122 -0.0429 0.5482 0.7383 0.6105 0.4503 0.5748 0.5568 0.3523 0.2841 0.1991 0.3337 0.546 0.7921 0.7708 0.7669 0.7408 0.9036 0.9845 1.1714 1.5743 2.1368 3.0609 4.4577 5.5437 5.8109 6.007 6.1653 6.3599 6.5517 6.6848 6.7333 6.7852 6.8237 6.8397 6.8022 6.6964 6.5948
5.3016 5.2741 5.2291 5.1941 5.2021 5.2322 5.2041 5.1819 5.0726 4.9442 4.7991 4.6391 4.4277 4.2616 4.0531 3.8622 3.6704 3.3544 2.9657 2.4009 1.9863 1.6352 1.3914 1.2235 1.1955 1.3072 1.3826 1.4057 1.265 1.0099 0.6844 0.5403 0.77 0.7936 0.315 -0.1499 -0.1051 0.1249 0.2964 0.5684 0.6986 0.535 0.2852 0.0053 -0.1372 0.0203 0.2044 0.5845 0.725 0.7425 0.9526 1.1495 1.6096 1.6732 1.7745 2.156 2.6622 4.3019 5.4363 5.8226 5.9982 6.2219 6.3766 6.5953 6.7529 6.8057 6.9003 6.9224 6.9394 6.906 6.8048 6.6692
5.4268 5.3832 5.3248 5.2946 5.319 5.3647 5.4033 5.4087 5.362 5.2728 5.1511 4.9743 4.7372 4.4908 4.2633 4.0159 3.8096 3.5751 3.2608 2.7165 2.2665 1.849 1.5405 1.3587 1.3465 1.5145 1.7497 1.8032 1.6111 0.9924 0.6735 0.8863 1.2176 1.319 0.761 -0.0325 -0.2393 0.1085 0.4061 0.5502 0.413 0.2221 0.0206 -0.2624 -0.4015 -0.1718 -0.0033 0.3917 0.5437 0.617 0.8849 1.5995 2.4515 2.9489 2.4772 2.6515 2.9998 4.6114 5.3213 5.7375 6.0494 6.2055 6.3697 6.5777 6.7277 6.8467 6.8874 6.9469 6.9844 6.9658 6.8959 6.7731
5.5897 5.5386 5.4718 5.4527 5.4892 5.5553 5.5983 5.5729 5.5122 5.5222 5.4968 5.2936 5.0105 4.7378 4.4693 4.1834 3.9187 3.7017 3.4497 3.1273 2.7454 2.3767 2.0641 1.8468 1.8224 2.023 2.2159 2.2717 1.9899 1.0243 0.4153 0.7597 1.459 1.8019 1.6208 0.9385 -0.0257 0.098 0.4889 0.3822 0.1384 -0.06 -0.1829 -0.205 -0.2571 -0.1539 -0.0319 0.2399 0.4652 0.6252 0.8295 1.4629 2.7817 4.1199 4.4401 4.5994 4.7544 5.0026 5.025 5.4326 6.1034 6.2511 6.2953 6.4982 6.5887 6.7765 6.8019 6.8845 6.9265 6.8899 6.8943 6.7859
5.6464 5.6022 5.5829 5.5838 5.6243 5.6688 5.6848 5.6574 5.5826 5.5893 5.6005 5.47 5.2612 5.026 4.7723 4.4837 4.1787 3.8851 3.6046 3.3334 3.0767 2.8808 2.6646 2.4877 2.4208 2.4337 2.412 2.4654 2.3837 1.9108 1.0938 0.8472 1.3682 2.1203 2.4492 2.125 0.8858 0.201 0.5109 0.3889 0.1987 0.0567 -0.0337 -0.0069 -0.03 0.0133 0.0512 0.2007 0.3367 0.5705 0.9119 1.4158 2.3773 4.1457 4.9953 4.8934 4.9093 4.7312 4.298 4.7652 5.8728 6.182 6.1159 6.3181 6.3674 6.5384 6.6355 6.7234 6.8042 6.8512 6.872 6.7843
5.5989 5.5924 5.6091 5.6102 5.6449 5.6726 5.6543 5.6222 5.5552 5.5548 5.5272 5.4651 5.3336 5.228 5.0458 4.8629 4.6129 4.2975 3.9902 3.6676 3.3985 3.1955 3.0603 2.9467 2.8719 2.7989 2.7392 2.6946 2.5991 2.6326 1.8943 1.2049 1.5507 2.4295 2.8383 3.2929 2.6487 1.0458 0.8583 0.9277 0.667 0.4284 0.2331 0.0598 0.0551 0.0959 0.1475 0.2923 0.4869 0.7868 1.1659 1.6145 2.421 3.6249 4.2457 4.6404 4.7456 4.7369 4.8944 5.3594 5.8738 6.0377 5.9869 6.0472 6.1843 6.3531 6.4878 6.577 6.6652 6.7666 6.7958 6.8027
5.5845 5.559 5.5694 5.5774 5.5996 5.6076 5.5981 5.5938 5.5379 5.5177 5.4533 5.4288 5.407 5.341 5.2915 5.1333 4.9747 4.7092 4.4412 4.1636 3.9381 3.7533 3.6272 3.5599 3.4834 3.4038 3.3346 3.2912 3.2753 3.1697 2.9632 2.3884 2.2796 2.8311 2.9632 3.4235 3.2847 1.2408 0.7801 0.9048 0.8085 0.7484 0.5512 0.3287 0.3189 0.3296 0.4191 0.5216 0.6651 0.9976 1.2901 1.6239 1.8821 2.4978 2.9739 4.3057 4.3683 4.3934 4.6742 5.2323 5.6756 5.79 5.8687 5.8471 5.9918 6.1489 6.3024 6.4251 6.5702 6.6757 6.7903 6.8478
5.5903 5.5442 5.5489 5.5595 5.5771 5.5843 5.5763 5.5683 5.5476 5.5257 5.4615 5.4723 5.4549 5.4484 5.3999 5.3168 5.1742 5.0129 4.8189 4.6175 4.4732 4.3017 4.1881 4.1191 4.093 4.0508 4.0345 4.0324 4.0906 3.9292 3.7526 3.4976 3.3608 3.0649 3.1297 3.4051 3.4921 2.0418 0.7725 0.6217 0.7685 0.765 0.726 0.4478 0.5367 0.6624 0.7131 0.9016 1.0286 1.2074 1.4783 1.5229 1.7291 1.8408 2.303 3.7959 4.1137 4.0607 3.948 4.5069 5.389 5.5901 5.6941 5.7678 5.883 6.0525 6.1856 6.281 6.425 6.6025 6.7368 6.8163
5.5923 5.5519 5.5603 5.5801 5.5988 5.6044 5.5956 5.5896 5.5774 5.5711 5.5432 5.5423 5.5152 5.5063 5.4527 5.3705 5.3022 5.1702 5.052 4.9462 4.8225 4.6917 4.5793 4.5579 4.5381 4.5579 4.5665 4.6065 4.657 4.5884 4.4509 4.2188 3.9951 3.6902 3.1114 3.435 3.8721 3.407 2.0219 0.6531 0.7285 0.6133 0.5819 0.5665 0.6103 0.937 0.9553 1.18 1.2424 1.4163 1.4899 1.5341 1.5312 1.623 2.0873 3.4312 3.7842 3.3629 3.231 3.8991 4.8131 5.3396 5.4768 5.744 5.8281 5.9846 6.0752 6.171 6.3068 6.4837 6.7013 6.7935
5.5936 5.5631 5.5636 5.5845 5.6175 5.6231 5.6398 5.6344 5.626 5.6247 5.6125 5.5736 5.5436 5.5004 5.4469 5.3882 5.3267 5.252 5.1617 5.1081 5.0512 4.9267 4.8683 4.8468 4.9074 4.9253 4.9428 5.0054 5.0142 5.0918 4.935 4.9676 4.7441 3.6123 2.8165 3.5638 4.2965 4.3073 3.807 2.2553 0.9471 0.8321 0.5347 0.6327 0.5249 0.9484 1.0834 1.2917 1.3305 1.4005 1.474 1.4866 1.447 1.4442 1.8208 3.0066 3.2978 2.799 2.8111 3.4793 4.33 4.8989 5.2988 5.6708 5.8084 5.9462 6.0279 6.0716 6.2073 6.3985 6.6317 6.8136
5.5901 5.5608 5.5459 5.5533 5.5861 5.6198 5.6461 5.6561 5.6517 5.6486 5.6232 5.5747 5.5429 5.4964 5.4418 5.3846 5.3311 5.2793 5.2174 5.2178 5.1923 5.1675 5.1138 5.1229 5.1885 5.2292 5.2244 5.2994 5.332 5.3946 5.3459 5.4098 5.2989 4.0924 2.7949 3.5449 4.4747 4.8961 4.9665 4.3899 2.8783 1.1539 0.6315 0.4118 0.2603 0.6778 1.1645 1.3085 1.4454 1.5006 1.5938 1.6346 1.3771 1.24 1.3816 2.2791 2.6061 2.7487 2.9188 3.3586 4.0562 4.4921 5.0399 5.5097 5.8195 5.9523 5.9704 6.0083 6.1232 6.3108 6.5579 6.788
5.5589 5.5461 5.526 5.5242 5.5368 5.5723 5.5979 5.5888 5.5988 5.617 5.6058 5.5883 5.5519 5.5106 5.4589 5.4104 5.3524 5.3124 5.2753 5.3163 5.3132 5.3126 5.3338 5.3458 5.353 5.3907 5.3795 5.4268 5.5232 5.5299 5.5744 5.5934 5.6186 5.3316 4.3236 3.4755 4.332 5.2708 5.6219 5.5347 4.6224 2.6239 0.6313 0.0407 0.089 0.4144 1.125 1.4226 1.6343 1.6273 1.7105 1.8296 1.5905 1.0069 1.018 1.5409 2.1213 2.6025 3.218 3.5148 3.5975 3.9854 4.6865 5.3053 5.7114 5.8791 5.9142 5.9012 6.0186 6.2671 6.5294 6.7237
5.5211 5.5134 5.5043 5.5008 5.4981 5.5134 5.5418 5.5601 5.5706 5.5622 5.5761 5.5663 5.5507 5.5287 5.4903 5.4407 5.4104 5.3915 5.3577 5.3646 5.3839 5.3898 5.4152 5.4482 5.4517 5.4357 5.4855 5.5207 5.6481 5.6284 5.7339 5.7196 5.8333 5.7113 4.449 2.4096 3.3998 5.9691 6.1191 6.0987 5.4175 3.6231 1.3836 0.2352 0.2831 0.4684 1.161 1.5472 1.6817 1.6763 1.7236 1.8014 1.6294 1.089 0.7333 0.7476 1.3561 2.086 2.893 3.3073 3.2938 3.4572 4.0548 5.046 5.6912 5.855 5.8885 5.8443 5.8658 6.0726 6.438 6.7815
5.5052 5.4809 5.4699 5.4788 5.4987 5.522 5.5373 5.5384 5.5326 5.5178 5.5151 5.5059 5.5086 5.5007 5.4746 5.4387 5.4188 5.4165 5.4188 5.3836 5.3547 5.3674 5.3674 5.395 5.4214 5.4049 5.4818 5.5197 5.6619 5.6754 5.7421 5.832 5.9411 5.8861 5.0355 2.8352 2.6706 5.8884 6.6574 6.4399 6.1036 5.2104 3.2705 1.1644 0.591 0.532 0.7901 1.237 1.2834 1.1618 1.0939 1.1564 1.2055 0.9826 0.6465 0.6829 0.8815 1.3823 2.3968 3.1051 3.1071 3.0256 3.4803 4.5474 5.4122 5.8466 5.8644 5.7883 5.805 5.9628 6.2508 6.6571
5.4626 5.456 5.457 5.4662 5.4898 5.5219 5.552 5.5523 5.5308 5.5029 5.4661 5.4455 5.447 5.4382 5.42 5.4001 5.3738 5.3644 5.3457 5.3579 5.2989 5.2962 5.2808 5.2897 5.3144 5.3392 5.4083 5.4908 5.5958 5.7296 5.7385 5.8196 5.8842 6.043 5.728 4.2828 3.1833 5.5909 6.5907 6.4145 6.2676 5.6348 4.0013 1.7622 0.4412 0.2972 0.067 0.7503 1.0754 1.1177 0.9918 0.8744 0.8449 0.7626 0.5272 0.7289 0.9502 1.2811 2.2396 3.1177 3.3318 3.0993 3.0207 3.9391 4.831 5.8444 6.0048 5.8364 5.6884 5.7114 6.0645 6.4496
5.4374 5.4388 5.438 5.4636 5.4856 5.5111 5.5366 5.5324 5.5078 5.4677 5.4436 5.4074 5.3877 5.3793 5.3573 5.3285 5.2792 5.2839 5.2496 5.278 5.2538 5.2111 5.1986 5.1881 5.2043 5.2751 5.3199 5.4559 5.4887 5.6309 5.657 5.7356 5.7856 5.9195 6.0232 5.6069 4.8654 5.9501 6.4547 6.4503 6.257 5.904 4.5149 2.8486 1.062 0.5154 0.2731 0.6776 1.0804 1.1799 1.1069 0.9762 0.771 0.6967 0.649 0.7351 1.0275 1.2269 2.0356 3.1505 3.6323 3.4997 2.9752 2.8139 3.4578 5.1382 6.0885 5.9887 5.6264 5.5108 5.6545 6.1989
5.3561 5.3767 5.4014 5.4215 5.4442 5.4694 5.4746 5.463 5.4574 5.4277 5.4166 5.372 5.3496 5.3177 5.2952 5.2679 5.2251 5.1876 5.1745 5.1831 5.2168 5.1813 5.1785 5.1687 5.1844 5.2523 5.2762 5.3805 5.4152 5.4796 5.5276 5.5272 5.5886 5.7049 5.7406 5.9544 5.7452 6.2434 6.1309 6.1994 6.2312 5.9161 5.3363 3.675 1.3638 0.7241 0.5978 0.3964 0.7843 1.1446 1.099 0.9808 0.8094 0.8043 0.7902 0.7297 1.0828 1.2735 1.6262 2.699 3.8413 4.0298 3.7579 2.9649 2.8955 4.9809 5.9164 6.0457 5.7015 5.2138 5.1535 5.7241
5.2362 5.2767 5.3132 5.3425 5.3638 5.369 5.3732 5.3691 5.371 5.3713 5.38 5.3454 5.3186 5.2866 5.2404 5.2104 5.1839 5.1298 5.1344 5.1181 5.1614 5.1677 5.1628 5.1517 5.1682 5.186 5.2227 5.2378 5.3149 5.3279 5.4201 5.4195 5.4617 5.5652 5.6258 5.7517 5.8397 6.0226 6.0258 5.9866 5.976 6.1172 5.6104 4.0707 1.7287 0.8426 0.7449 0.4578 0.4094 0.7709 1.0959 1.0042 0.9197 0.9153 0.7964 0.7041 1.0783 1.3241 1.652 1.9356 3.0295 3.876 4.1947 3.9681 2.8085 4.5397 5.4979 5.6871 5.8117 5.3136 4.6794 4.9445
5.1166 5.1633 5.2023 5.2343 5.2531 5.2584 5.2641 5.265 5.2791 5.3019 5.3178 5.3161 5.2854 5.2601 5.2138 5.1767 5.1578 5.112 5.1035 5.0894 5.1019 5.1153 5.1 5.0891 5.0682 5.0643 5.1118 5.0832 5.1779 5.1679 5.2717 5.3587 5.4009 5.4559 5.575 5.6172 5.7319 5.7961 6.0256 5.8761 4.9278 5.069 6.1452 4.7737 2.6388 1.3066 0.9635 0.6914 0.5351 0.4067 0.7315 1.0189 0.9616 0.9044 0.7621 0.7506 1.0037 1.267 1.4266 1.7103 1.9436 2.6433 3.6027 4.2193 2.969 3.3696 4.3582 5.5739 5.6986 5.3934 4.7313 3.8798
5.0208 5.0708 5.1025 5.1405 5.1591 5.1483 5.1513 5.1759 5.1913 5.2242 5.2238 5.2339 5.2114 5.1948 5.1771 5.1406 5.1244 5.0973 5.0571 5.0642 5.0447 5.0438 5.0231 5.0058 4.9908 4.9444 4.9859 4.9834 5.0346 5.0603 5.1073 5.2321 5.2941 5.3285 5.3919 5.4418 5.6099 5.5703 5.8055 5.6635 4.5947 4.6609 5.85 5.9702 4.2464 2.5256 1.3607 1.0845 0.6531 0.4418 0.3926 0.7034 0.8387 0.7411 0.6884 0.8384 0.942 1.1525 1.3031 1.5091 1.7189 1.7558 2.3701 3.2279 3.3216 3.174 2.9875 4.4766 5.6778 5.5284 4.5148 3.1129
4.9604 5.0082 5.0636 5.0902 5.1001 5.0849 5.0695 5.0936 5.1086 5.1284 5.1088 5.1129 5.1068 5.0882 5.0718 5.0679 5.052 5.0461 4.9964 5.0081 4.9586 4.9605 4.946 4.9252 4.9208 4.8969 4.8819 4.9385 4.9212 5.0199 5.0473 5.0908 5.137 5.1586 5.2212 5.2419 5.3576 5.4241 5.4862 5.6804 5.5963 5.6329 5.8577 5.7852 5.5037 4.2152 2.3016 1.3289 0.9538 0.6098 0.4446 0.4447 0.6836 0.6153 0.5146 0.8029 0.8987 1.0973 1.2333 1.4466 1.6444 1.6727 1.7075 2.2077 3.5116 4.2847 3.5226 4.009 5.1449 5.3535 4.4788 3.3313
4.9355 4.9724 5.0275 5.0576 5.0696 5.0516 5.0313 5.0418 5.0491 5.0281 5.0254 4.973 4.9693 4.9636 4.9672 4.9702 4.952 4.9527 4.9222 4.914 4.9082 4.8905 4.8945 4.893 4.8858 4.8877 4.8313 4.9133 4.91 4.9284 4.958 4.9972 4.9974 4.9794 5.0239 5.136 5.152 5.3037 5.2041 5.2934 5.535 5.6882 5.6482 5.5862 5.6843 5.2848 3.896 2.226 1.2967 0.9065 0.7039 0.5931 0.4981 0.7754 0.8149 0.8124 0.9751 1.0797 1.285 1.44 1.513 1.6019 1.6866 1.8239 2.7716 4.1127 4.3018 4.4505 4.5363 4.5405 4.6114 4.3702
4.9414 4.982 5.0059 5.0371 5.0357 5.0163 5.0016 4.9877 4.9777 4.9045 4.8947 4.8448 4.831 4.8302 4.8448 4.8649 4.8727 4.8757 4.891 4.8604 4.8904 4.8514 4.8612 4.8716 4.8512 4.844 4.8272 4.7999 4.8476 4.8357 4.8182 4.8091 4.8293 4.846 4.8421 4.9431 4.9892 5.0738 5.1737 5.1887 5.2147 5.3161 5.4927 5.6619 5.623 5.5575 5.1952 3.8665 2.3803 1.3629 0.903 0.7173 0.4456 0.5672 1.0786 1.1142 1.2132 1.243 1.3823 1.4868 1.4756 1.4632 1.6265 2.1448 3.4035 4.0174 4.1725 4.1983 4.1138 4.0133 4.0074 4.016
4.9397 4.9839 4.9897 5.0184 5.0047 4.983 4.9495 4.896 4.8646 4.8062 4.7574 4.7382 4.7168 4.7229 4.7399 4.7685 4.7997 4.8048 4.8404 4.8229 4.8322 4.8288 4.8337 4.847 4.837 4.7979 4.7989 4.7434 4.7389 4.6986 4.7048 4.6782 4.6762 4.7137 4.7557 4.7889 4.8569 4.8652 4.9069 4.9871 5.1155 5.2502 5.3927 5.5004 5.6038 5.692 5.5442 5.1249 3.9219 2.4493 1.425 0.6829 0.416 0.1302 0.4055 1.0016 1.263 1.1645 1.0761 1.2031 1.4195 1.489 1.4746 1.9149 3.3786 3.6363 3.7012 3.759 3.7849 3.7792 3.726 3.6897
4.8795 4.9529 4.9646 4.981 4.9686 4.9241 4.8741 4.7898 4.719 4.6692 4.6283 4.6181 4.6189 4.6373 4.6606 4.6799 4.7123 4.7429 4.7613 4.8011 4.7919 4.8137 4.7997 4.79 4.7865 4.7397 4.7138 4.6564 4.6424 4.5898 4.5562 4.5522 4.5648 4.5949 4.6492 4.6734 4.6685 4.7514 4.8025 4.8273 4.9286 5.0629 5.2191 5.3832 5.4992 5.6297 5.6694 5.4214 5.2141 4.1018 2.8033 1.729 0.6856 0.2018 0.0233 0.5826 1.0045 1.0329 0.9614 1.1402 1.3747 1.4799 1.5323 1.774 3.1167 3.2661 3.3028 3.3883 3.4279 3.3833 3.4143 3.4329
4.7196 4.8036 4.874 4.8963 4.9213 4.8777 4.785 4.6982 4.5824 4.5187 4.4833 4.4888 4.5081 4.5406 4.564 4.5784 4.5976 4.6448 4.6445 4.7146 4.7315 4.7529 4.7568 4.7454 4.7101 4.663 4.6409 4.575 4.5385 4.5284 4.4931 4.4757 4.488 4.5142 4.5516 4.5761 4.5409 4.6044 4.6825 4.74 4.8237 4.9541 5.0899 5.232 5.285 5.4269 5.6092 5.5615 5.3901 5.4115 4.2429 3.0222 1.8296 0.6463 0.1967 0.5328 0.8521 0.8152 0.9002 1.1186 1.4966 1.5879 1.5271 1.6502 2.8764 2.8691 2.8329 2.8797 2.9366 3.0586 3.1065 3.1144
4.5035 4.5827 4.6834 4.7647 4.7915 4.7855 4.696 4.586 4.4699 4.3875 4.351 4.3457 4.3954 4.428 4.4781 4.4964 4.4973 4.5402 4.543 4.594 4.6263 4.6552 4.6606 4.6492 4.6136 4.5627 4.5351 4.4975 4.4507 4.4338 4.4385 4.4188 4.4022 4.4267 4.4402 4.4646 4.4607 4.5206 4.5919 4.664 4.7452 4.8265 4.9603 5.045 5.1095 5.2533 5.4394 5.4829 5.4816 5.486 5.464 4.325 3.2106 1.8714 1.062 0.5238 0.6357 0.5376 0.6349 1.3273 1.7312 1.7118 1.53 1.4892 2.3958 2.3645 2.2891 2.3429 2.5308 2.6511 2.7635 2.8586
4.2851 4.3653 4.4813 4.5715 4.6303 4.6244 4.5955 4.4852 4.4041 4.3128 4.2815 4.2503 4.2994 4.3262 4.3763 4.4215 4.4269 4.4468 4.4583 4.4738 4.4997 4.5266 4.5392 4.5277 4.5091 4.4599 4.409 4.3769 4.346 4.305 4.3186 4.2998 4.2832 4.2963 4.3112 4.3554 4.3724 4.4409 4.5156 4.5811 4.6233 4.7045 4.8049 4.8825 4.9586 5.0942 5.2584 5.3834 5.4135 5.5112 5.4892 5.4824 4.5663 3.8655 2.9991 1.5053 0.6206 0.5801 0.6863 1.3784 2.1455 2.1601 1.5612 1.3128 1.9215 1.6921 1.6405 1.8569 2.0446 2.2346 2.3449 2.5855
