public/V.asc
NCOLS 221
NROWS 89
XLLCORNER 89.8750000
YLLCORNER -11.1250000
CELLSIZE 0.2500000
NODATA_VALUE -999.0000000
[rows 54 to 80 of 89, columns 118 to 176 of 221]
-0.4417308 0.0981599 0.5544519 0.9254981 0.7340037 0.6648186 0.4342017 0.0981599 0.1101025 0.6635832 2.0584037 3.8288004 5.3735218 6.0670199 6.4018264 6.5105457 6.6402678 7.0417886 7.3724766 7.5326729 7.3922439 7.5932097 7.2876425 6.4623632 4.2710905 1.3043687 0.7006466 3.1237717 6.1275568 7.8110604 9.0658636 9.2507687 8.9246111 7.8353577 6.1510305 3.8666875 3.0183468 3.6801348 3.8296242 3.1567168 3.4449880 4.7191463 6.2280402 7.1500959 7.4791369 8.1442194 8.2467613 7.8151789 7.4486623 6.6538577 5.7630997 4.2270265 3.1225362 3.7563207 3.4594016 2.7341936 1.6881812 0.8110133 0.4070219
-0.6225180 0.0277394 0.2377655 0.6870567 0.9283808 1.0210394 0.6615241 0.2826534 0.6541114 0.8336632 1.6070535 3.1530104 4.8171587 5.8347559 6.1069660 6.3647628 6.5299010 6.8227024 7.1138563 7.5240250 7.9350171 8.1771650 8.3044157 7.5112586 6.0036006 2.9331007 -0.2893589 0.5474511 3.8432140 6.9128900 8.2018738 8.9554968 8.5659189 7.6714549 5.8969402 3.3696256 2.3755021 3.4021592 2.9899313 2.2309546 2.1267653 3.3980410 5.0037112 6.0892582 6.7115121 7.9243097 8.0610332 7.9255452 7.5808554 7.3716531 6.6118526 5.1606131 3.4058654 3.4927585 3.4734032 2.7720807 2.0584037 1.1977085 0.7047648
-0.3013016 -0.2111139 -0.2144084 -0.1789922 -0.0706846 -0.2494128 -0.5990445 -0.3548376 0.3773711 0.8591957 1.2380664 2.5912936 4.2126131 5.3199859 5.7956333 6.1625614 6.3454075 6.4574213 6.6480923 7.1706867 7.5895038 7.9098964 8.1664581 8.2475853 7.1459780 4.5630684 -0.2230565 -0.9651489 1.2887198 4.9077582 7.0339637 8.1491613 8.4539051 7.3823600 5.6753831 4.2768559 2.9779887 2.9985795 2.4772205 1.5378684 1.3492568 2.4253318 4.0552993 4.8328075 5.6140227 7.3218231 8.0593853 7.8884821 7.6179190 7.4984922 7.2555208 6.0826693 3.9869378 3.4528124 3.6891949 3.6051843 2.8931546 1.7565427 1.1898839
0.3110687 -0.2794753 -0.3783112 -0.0521529 0.1414006 -0.3519549 -1.0783982 -0.4701461 0.1986430 0.8052478 0.9819169 1.6000526 3.1892502 4.5544200 5.1157250 5.5073624 5.8569937 6.2152739 6.6843319 7.0084314 7.3345895 7.6558061 8.0074968 8.2739420 8.1022148 6.8140540 3.2934396 0.5688655 1.5181012 3.1254189 4.7730942 6.8540001 8.0935659 6.6843319 4.8406320 5.1931467 3.5561783 3.2934396 3.4215145 2.8433249 2.3590293 2.9409254 4.0853620 4.4839997 4.3608665 6.0678434 7.5112586 7.7361102 7.5355558 7.3317065 7.0211973 6.3931785 4.6960850 3.2427864 3.7077265 4.1977873 3.8152106 2.5632901 1.5934635
1.5300438 0.6158125 0.2369419 0.3608985 0.7945406 0.8015415 0.0512129 -0.2473537 0.0610965 0.5808082 0.7068238 1.1285233 2.4809270 3.8337421 4.5338292 5.0189486 5.7223301 5.8471103 6.3482904 6.6019688 6.9371872 7.1365061 7.3382959 7.5837383 7.7006936 7.4577227 5.9311209 2.4537470 1.6420578 2.2428973 3.1060634 4.8315721 6.5513158 6.2984605 5.1177845 4.9098172 3.1628940 3.4614606 3.9898205 3.3531530 2.5982945 2.9985795 4.1030698 4.3530421 3.8275650 4.4362288 6.3824711 7.2670517 7.3345895 7.2406955 7.0261393 6.4302416 5.2508011 3.6257751 3.5434120 4.3637495 4.8571048 3.9626405 2.5484648
1.6070535 1.7380109 1.5720491 1.3257831 1.6861222 2.4302735 2.2223065 0.7348273 -0.0052059 0.0788045 0.1969957 0.6009871 1.6461760 2.9615161 3.7036083 3.9918795 5.3208094 5.7750425 6.2486310 6.4635987 6.5826135 6.5768480 6.6715660 6.7193365 6.7321029 6.4310651 5.9261789 3.7241993 2.0892899 2.2750189 3.1097698 4.3373933 4.9946513 5.0074177 5.0230665 4.7817426 4.0132937 4.0808320 3.9614053 3.4050419 3.0475855 3.6480134 4.6569624 5.2087955 5.3442831 5.6889729 6.3931785 6.9429526 6.8708849 6.9800158 7.3835955 7.1566849 6.9137135 5.6869140 3.9770541 4.3942237 5.9216490 5.8825264 4.0767136
0.8451940 1.1598214 2.0563447 2.2037747 2.4430399 2.7683744 2.1918321 0.9675033 -0.0570947 -0.3725457 -0.1662259 0.3180696 1.3793193 2.8367360 3.6508958 3.7134919 4.9596472 5.7750425 5.9010582 6.0983181 6.0620780 6.0583720 5.9117656 5.8314614 5.7495098 5.4575324 5.1449642 4.6277232 3.3012643 2.7066021 3.4066892 3.9486389 4.3921647 4.5161214 4.4798813 4.4440536 4.6491380 4.6656103 4.6627278 4.4205799 4.6940255 5.2240329 5.4039965 5.5551329 5.8491693 6.0406637 6.3219342 6.5677881 6.5974388 6.7008047 6.9507771 7.1381531 7.1538024 6.1703858 3.7575562 4.0865974 5.4567089 5.5847836 4.6470785
0.5544519 0.9226154 1.8306695 2.8070850 3.0113459 1.9995141 1.1734113 0.2184101 -0.5298594 -0.4380245 -0.0542120 0.3716057 1.1734113 2.6254742 4.0289431 4.4547606 4.9604707 5.5193048 5.5991969 5.6576748 5.5835481 5.4945960 5.3562255 5.1840868 5.0564237 4.9353499 4.6021910 4.3003297 3.9576988 3.4655788 3.4820514 3.9597578 4.0981278 4.2134366 4.2690315 4.3081541 4.4382882 4.5873652 4.6997910 4.8315721 5.0708375 5.2582135 5.4616504 5.7280955 5.8747020 5.9772444 6.1374407 6.3248167 6.4030619 6.5006623 6.5669646 6.7135711 6.5150757 5.8034577 4.0903034 4.2661490 5.1391988 5.0630126 4.2290854
0.7298855 0.7965997 1.2800716 2.2103639 1.9945723 0.9955068 0.5701010 -0.0970409 -0.2102902 -0.1213380 -0.0871573 0.1879358 0.9703860 1.9410362 3.2946751 4.5766582 4.8393970 5.0444813 5.1676140 5.1334333 5.0551882 4.9645886 4.9538817 4.7973914 4.6882601 4.6120744 4.5503020 4.2859163 4.0865974 4.0075288 4.0153532 4.0297666 4.1627831 4.1335444 4.1969638 4.2904463 4.3159785 4.4712334 4.6322532 4.7780361 5.0424218 5.2487416 5.4616504 5.7915154 5.8747020 5.9060001 6.0583720 6.1440296 6.2230983 6.2663388 6.3268757 6.1988010 5.8677011 5.5456610 4.8328075 4.8286896 4.9147592 4.8591638 4.6726112
0.6784086 0.3168342 0.7389455 1.1734113 0.9584434 0.2447664 -0.0266203 0.2114093 0.5083286 0.1912303 -0.4623216 -0.1275152 0.5808082 1.5514584 2.8247931 4.3130960 4.4518781 4.5317702 4.6384306 4.5239458 4.4897652 4.4877057 4.4769988 4.5951900 4.5140619 4.5239458 4.6100154 4.5239458 4.4477596 4.3777509 4.2546182 4.2690315 4.2945642 4.2319684 4.2105536 4.2113776 4.2673845 4.3728094 4.5066495 4.6635513 4.9275255 5.1412578 5.3306932 5.5884900 5.7173882 5.7906914 5.9018817 5.9858923 6.1423821 6.1852112 6.1530895 6.0134840 5.6980329 5.4665923 5.1704969 5.1383753 5.1997356 5.0415983 4.8542223
0.2711226 -0.0715083 0.1928775 0.6186952 0.2838889 -0.4857951 -0.3363059 0.2085266 0.6088116 0.2340591 -0.2749453 0.1879358 0.8678439 1.2133574 2.4195664 3.8102686 3.9939387 3.9799368 4.0701246 4.0202947 4.0688891 4.0660062 4.2204375 4.3542776 4.5630684 4.6363716 4.6656103 4.7739182 4.7702117 4.6775532 4.5346527 4.4469361 4.4646444 4.3777509 4.3229795 4.1471343 4.1450748 4.2097301 4.2496762 4.3884583 4.4724689 4.6421371 4.9332910 5.1527886 5.3278103 5.5172458 5.6461439 5.8384624 6.0085421 6.1304398 6.0863752 5.9887748 5.7116227 5.3187504 5.2417407 5.2553310 5.0280085 4.8307486 4.5873652
0.2859479 -0.2757690 -0.2123493 -0.4750879 -0.7769490 -0.7102348 -0.3185978 0.2064675 0.4000210 0.5437447 0.9819169 1.1589978 1.1235815 1.2837780 1.8570257 3.0632346 3.3893929 3.3560357 3.5553546 3.7007258 3.7007258 3.8415668 4.0602412 4.3168025 4.5161214 4.8122168 4.9839439 5.0485992 5.0173011 4.9831204 4.9040518 4.8052158 4.6841421 4.4782343 4.3159785 4.2612071 4.2134366 4.0573583 3.9828196 3.9605815 4.0445919 4.1879039 4.4646444 4.7409725 4.9790025 5.1606131 5.4147034 5.5798416 5.7701006 5.9302974 6.0085421 5.9060001 5.6930914 5.2730389 5.1997356 5.1363158 4.8999338 4.5630684 4.2389693
1.5329266 0.4584988 -0.8098943 -1.5099813 -1.3917902 -0.7349437 0.0825109 0.5425093 0.8266623 1.0894009 1.4196773 1.6548241 1.6107599 1.4196773 1.5955226 2.3717957 2.9545152 3.1365378 3.2983816 3.4478707 3.5973599 3.7513790 3.9840550 4.2953877 4.6384306 4.8657532 5.0650721 5.1791449 5.1960292 5.1313744 4.9831204 4.8941684 4.8636937 4.7409725 4.5095320 4.2612071 3.9819961 3.8773947 3.7369654 3.6686041 3.6957839 3.8061504 3.9548161 4.2163191 4.5659509 4.7739182 5.1029592 5.3776402 5.5921965 5.7301545 5.7956333 5.8162241 5.7507453 5.5814891 5.3541665 5.0873098 4.8435149 4.3530421 3.6772521
2.0336947 0.2867716 -1.4935087 -2.1721814 -1.6059345 -0.5656874 0.1694040 0.4840314 0.7261792 0.9304399 1.2302419 1.6235261 1.8001951 1.7553072 1.8150206 2.1889493 2.5797627 2.7976134 3.0348194 3.2526700 3.4684615 3.6941366 3.9947622 4.3629255 4.7183228 4.9361734 5.1206670 5.1618485 5.2133255 5.2516246 5.2487416 5.1589661 4.9880624 4.7809191 4.5474191 4.3180380 4.0046458 3.7406719 3.5347638 3.4437525 3.3943346 3.4408698 3.6657214 3.9128108 4.2467937 4.5914836 4.8748131 5.1198435 5.3414001 5.4945960 5.5893135 5.6519094 5.5621338 5.4204688 5.1569066 4.9411154 4.7945089 4.4098725 3.7390246
0.8871992 -0.3490722 -1.4758006 -1.4955678 -0.9400281 -0.3478368 0.1138089 0.4967977 0.7348273 1.0424538 1.3406086 1.5193367 1.5798736 1.6469996 1.8492012 2.1411788 2.4751616 2.7086611 2.9343362 3.1781313 3.3881574 3.7213166 4.0808320 4.3835163 4.6244287 4.8571048 5.0798974 5.2145610 5.3257513 5.2878642 5.2289748 5.1482587 5.0337739 4.8785191 4.5737753 4.2439108 3.9156935 3.6381297 3.4136899 3.3226786 3.2712016 3.2279611 3.3403866 3.5277629 3.8815129 4.2484407 4.6198988 4.9197006 5.1696730 5.3228688 5.3862882 5.3990545 5.3912301 5.3784637 5.1540241 5.0436573 4.8620467 4.5531845 3.9576988
0.6989993 -0.1320452 -0.4211400 -0.5541565 -0.5343894 -0.1575778 0.0573901 0.3695466 0.7018821 1.0992844 1.3920856 1.6968293 1.8113142 1.9076791 2.0427547 2.1090572 2.3091996 2.5122249 2.7494309 3.0278184 3.3865101 3.7077265 4.0083523 4.2916818 4.6178398 4.8521628 5.0424218 5.2273273 5.3998780 5.5073624 5.4546499 5.3092785 5.1461997 4.8900499 4.5873652 4.3279214 3.9099281 3.6245396 3.3618011 3.2007811 3.0797071 3.0525274 3.0739417 3.2543173 3.5640028 3.9222827 4.3415112 4.6948495 4.9538817 5.1704969 5.2709799 5.2944531 5.2701564 5.3220448 5.3080435 5.2866287 5.2017946 4.7574453 3.6430714
0.5923390 0.1129853 -0.1654023 -0.2679445 -0.2424119 -0.0513293 0.1772286 0.3950792 0.6833503 1.0564556 1.4468571 1.7544836 1.9105618 1.9966314 2.0320475 2.1020563 2.1823604 2.3890920 2.6316514 2.8676221 3.2086055 3.5170557 3.8110924 4.0289431 4.3052716 4.5980725 4.9938278 5.2985716 5.4810061 5.5769591 5.6020799 5.4772997 5.3500485 5.1013117 4.7240882 4.3942237 4.0095878 3.6294816 3.3424459 3.0797071 2.9499853 2.8647394 2.8754466 2.9195108 3.1031806 3.4997594 3.9754069 4.3715739 4.8043923 5.0366564 5.1968532 5.2351518 5.2701564 5.3463421 5.4118209 5.4212928 5.3912301 5.1412578 4.0396500
0.6059290 0.1537550 -0.0365039 -0.1341043 -0.1176317 0.0631555 0.2810062 0.5268603 0.8060715 1.1050498 1.4818615 1.7701325 1.9430953 2.0806417 2.1156461 2.0925844 2.1609459 2.2935507 2.4838097 2.7341936 2.9508088 3.2378445 3.2699661 3.4705205 3.7690871 4.1677251 4.7681527 5.2923942 5.6012564 5.8236370 5.8364029 5.7182121 5.5893135 5.3434596 4.9917688 4.4955306 4.1685486 3.7653809 3.3169131 3.0447030 2.7683744 2.6732450 2.6440060 2.6547132 2.7037194 2.9565742 3.3893929 3.9478152 4.4069901 4.9740605 5.1490822 5.1774974 5.2240329 5.3142204 5.3969955 5.4418836 5.3871121 5.1655550 4.9526463
0.7982470 0.4049627 0.2241756 0.1743458 0.1899948 0.2974788 0.5046222 0.8101897 1.1569387 1.4489162 1.6832395 1.9369180 1.9673924 2.1061745 2.1988330 2.1733003 2.2330136 2.3199069 2.4714551 2.6625378 2.8305585 2.7416065 2.7729044 2.5896463 2.8511493 3.3395631 4.1207781 5.0358329 5.8199306 6.0678434 5.9352388 5.8178716 5.7350965 5.4888306 5.1931467 4.6927900 4.3238029 3.8502150 3.3725083 2.9158046 2.6402996 2.4467461 2.4117417 2.3355558 2.3384385 2.3903275 2.6069427 3.1859558 3.9391670 4.5054140 5.0494227 5.0720725 5.1305504 5.2582135 5.3129849 5.3834057 5.3002186 5.1704969 4.9584117
1.0309230 0.6862330 0.6001635 0.5515692 0.6557587 0.7702435 1.0716927 1.3620230 1.7787807 2.0406957 2.1881258 2.0876427 2.0757000 2.0378129 2.1374724 2.2877853 2.3503811 2.4887514 2.5847044 2.6765394 2.6176498 2.4986351 2.3981519 2.1745358 1.6684140 1.9204454 2.6645968 4.3979301 5.3784637 6.4174752 6.2379236 5.7165647 5.6547923 5.4966550 5.1861458 4.8529868 4.3559246 3.8386841 3.3259733 2.8519731 2.4615715 2.2663708 2.1226470 1.9929250 1.9772760 1.9068555 2.0320475 2.1452968 2.9372189 3.9585226 4.5951900 4.8636937 4.9411154 5.1540241 5.2281508 5.2573900 5.2055011 5.0630126 4.9724131
0.9633852 0.7640663 0.7566535 0.8814338 1.0181566 1.3484330 1.7260683 2.1275887 2.5093422 2.5974708 2.6069427 2.4187427 2.2173648 2.1440613 2.1918321 2.3512049 2.4265671 2.5896463 2.5739973 2.4096828 2.3862092 2.4508643 2.3903275 2.4059763 1.8092551 1.0066259 1.0424538 3.0932972 4.5544200 6.0719619 6.4158282 5.7359200 5.3862882 5.3265748 5.0580711 4.7846251 4.2731500 3.8139751 3.3024998 2.7642562 2.3483222 2.0905254 1.9517434 1.7907233 1.7651908 1.7816634 1.7338928 1.5786382 1.9295053 2.9771650 3.8246822 4.2455583 4.5630684 4.8093343 5.0115356 5.0992527 5.0798974 5.0737200 4.9847679
0.6042817 0.5952217 0.5873972 0.7525354 1.1841185 1.7046539 2.1951265 2.5291092 2.7535491 2.7741399 2.8054378 2.7514899 2.5398166 2.1782422 2.1139989 2.4039173 2.5904698 2.4488053 2.3207304 1.9167391 1.7104193 1.9900423 2.4801033 2.7152503 3.0212293 2.8396184 2.1432378 2.5015178 3.1608350 4.6462550 5.5571918 5.5349541 5.1655550 5.0144186 4.8463974 4.6433725 4.2682080 3.9070454 3.4606371 2.9314535 2.4809270 2.1774185 1.9233282 1.6840631 1.6099362 1.8463185 1.8842056 1.5580474 1.7260683 2.3627357 3.0397611 3.4421053 3.9049864 4.2467937 4.5503020 4.7730942 4.8962274 4.9332910 4.9773550
0.9625615 0.8892583 0.7974234 1.1248170 1.7223619 2.3363795 2.9203346 3.0895908 2.6510069 2.3347323 2.7321346 3.0121694 2.5542302 1.6745913 1.3014860 1.7116547 1.9311526 1.3698475 1.1071090 -0.1411052 -0.6818195 0.3744884 1.7956651 2.4871042 2.8939784 3.2761436 2.8441486 2.5101659 2.6489477 3.9321663 4.9164062 5.1371398 4.9332910 4.7076159 4.6577859 4.5465956 4.2739735 4.0289431 3.7361419 3.3737438 2.9108627 2.4088590 1.9867477 1.6997120 1.5971699 1.6000526 1.6021117 1.3043687 1.3373140 1.7009475 2.1531215 2.5768800 3.0105221 3.4528124 3.8217995 4.1570177 4.4477596 4.6507850 4.7800951
1.8776165 0.1755813 -0.8420159 -1.1722922 -0.7143530 0.1039253 1.1861776 1.8998545 1.0914599 0.3139514 1.1754704 1.8932655 1.7680734 1.1157571 0.9283808 1.1499377 1.4340907 1.1577623 1.3031334 0.8814338 0.4519098 0.1842294 0.1941130 -0.3342468 0.0433884 0.6384624 0.3493676 0.1414006 1.0708691 2.7605498 4.1273670 4.6244287 4.7232647 4.4176974 4.2389693 4.2204375 4.0903034 3.9457562 3.7204928 3.4849341 3.0648818 2.5435228 2.1111162 1.7693089 1.5201603 1.2446555 1.1169925 0.9654443 1.0082731 1.2817189 1.6404105 2.0542855 2.3063169 2.6588314 3.0669410 3.5075841 3.8481557 4.1384859 4.3308039
2.7556081 1.3793193 0.2719462 -0.1213380 -0.3919011 0.0046777 0.6635832 1.2154166 0.8991419 0.1166916 0.8464295 1.5115122 1.3541985 1.0894009 1.0844591 1.0964017 1.2681290 1.4176182 1.9929250 2.3071406 2.4002109 1.3220768 -1.1253452 -1.9436235 -0.3371296 1.0906363 1.7730153 1.7025948 1.7936060 2.0592275 3.0447030 3.5689447 3.8679230 3.9243417 3.7975025 3.7760880 3.6957839 3.6060081 3.4655788 3.2456691 2.9643989 2.5299330 2.2457800 1.9303290 1.5992290 1.2360073 1.0095085 0.8530185 0.8962592 1.0395712 1.3200178 1.5601064 1.8520839 2.1918321 2.4751616 2.8709166 3.2683189 3.6010661 3.9107518
2.8433249 2.8696811 2.0777590 1.6412342 1.2615399 0.3872547 0.6911748 1.0082731 1.3208414 0.7311210 0.7282383 1.2195346 0.4597343 0.0973363 -0.0307385 0.0796282 0.7566535 1.4431508 2.2367201 2.9322772 2.7605498 0.8715502 -1.3510203 -0.7122939 0.9341462 1.3579048 1.8129615 2.0798182 2.1794777 2.3021986 2.3269076 2.8070850 3.2399037 3.3375039 3.2963223 3.2654362 3.1822493 3.1002979 2.9829304 2.8737993 2.6188853 2.4459226 2.1889493 1.9282699 1.6420578 1.3529631 1.1120508 0.9489716 0.8707266 0.9946831 1.1478786 1.3826138 1.5893453 1.8549666 2.1345897 2.4928696 2.8667984 3.1851320 3.4898760
2.1683586 2.5241675 2.8198514 2.3705602 1.4077345 0.5338612 0.0495656 0.1129853 0.6079880 0.3081860 0.0318575 -0.0187958 -0.6879967 -0.9087301 -1.0207440 -0.4038437 0.3921965 1.0749873 1.6568832 2.5863519 2.9508088 1.1589978 0.4362608 1.0638683 0.6306379 0.2818298 0.2702990 0.6919985 1.0436893 1.7388346 1.8179033 2.2564871 2.6625378 2.7934952 2.7848470 2.7634325 2.6530659 2.5583482 2.4743378 2.3610885 2.2214828 2.0522265 1.9509197 1.7693089 1.6169370 1.4546815 1.2438319 1.1293470 1.0486311 1.0338057 1.1791767 1.3043687 1.4859796 1.6947702 1.9624506 2.2770779 2.5707028 2.8939784 3.1814258
